1 0.000000 0.000000
10001 0.000000 0.001000
20001 0.001000 0.000000
30001 0.001000 0.001000
40001 0.000000 0.001000
50001 0.001000 0.000000
60001 0.001000 0.001000
70001 0.001000 0.001000
80001 0.000000 0.001000
90001 0.001000 0.001000
100001 0.000000 0.001000
110001 0.001000 0.001000
120001 0.001000 0.000000
130001 0.001000 0.001000
140001 0.001000 0.001000
150001 0.001000 0.001000
160001 0.000000 0.001000
170001 0.001000 0.000000
180001 0.001000 0.001000
190001 0.001000 0.001000
200001 0.001000 0.001000
210001 0.000000 0.002000
220001 0.001000 0.002000
230001 0.001000 0.001000
240001 0.001000 0.001000
250001 0.001000 0.002000
260001 0.001000 0.001000
270001 0.001000 0.002000
280001 0.001000 0.003000
290001 0.001000 0.001000
300001 0.001000 0.001000
310001 0.001000 0.001000
320001 0.001000 0.001000
330001 0.000000 0.001000
340001 0.001000 0.001000
350001 0.000000 0.002000
360001 0.001000 0.001000
370001 0.001000 0.001000
380001 0.001000 0.001000
390001 0.002000 0.001000
400001 0.001000 0.004000
410001 0.001000 0.002000
420001 0.002000 0.001000
430001 0.001000 0.001000
440001 0.000000 0.002000
450001 0.002000 0.001000
460001 0.002000 0.001000
470001 0.001000 0.001000
480001 0.001000 0.002000
490001 0.001000 0.002000
500001 0.002000 0.003000
510001 0.002000 0.003000
520001 0.002000 0.004000
530001 0.002000 0.003000
540001 0.002000 0.004000
550001 0.002000 0.004000
560001 0.002000 0.004000
570001 0.002000 0.005000
580001 0.002000 0.002000
590001 0.002000 0.002000
600001 0.002000 0.002000
610001 0.002000 0.002000
620001 0.001000 0.003000
630001 0.002000 0.003000
640001 0.003000 0.002000
650001 0.002000 0.002000
660001 0.002000 0.003000
670001 0.002000 0.003000
680001 0.002000 0.003000
690001 0.001000 0.003000
700001 0.002000 0.004000
710001 0.002000 0.003000
720001 0.002000 0.002000
730001 0.002000 0.003000
740001 0.002000 0.002000
750001 0.002000 0.003000
760001 0.003000 0.004000
770001 0.002000 0.003000
780001 0.002000 0.003000
790001 0.002000 0.003000
800001 0.003000 0.003000
810001 0.007000 0.006000
820001 0.004000 0.004000
830001 0.004000 0.005000
840001 0.004000 0.006000
850001 0.004000 0.005000
860001 0.007000 0.014000
870001 0.006000 0.005000
880001 0.005000 0.005000
890001 0.004000 0.006000
900001 0.004000 0.005000
910001 0.002000 0.003000
920001 0.003000 0.004000
930001 0.009000 0.003000
940001 0.002000 0.003000
950001 0.003000 0.003000
960001 0.003000 0.003000
970001 0.003000 0.003000
980001 0.002000 0.003000
990001 0.003000 0.003000
1000001 0.003000 0.003000
1010001 0.004000 0.004000
1020001 0.003000 0.004000
1030001 0.003000 0.004000
1040001 0.003000 0.004000
1050001 0.003000 0.003000
1060001 0.003000 0.004000
1070001 0.003000 0.009000
1080001 0.003000 0.004000
1090001 0.003000 0.004000
1100001 0.004000 0.004000
1110001 0.003000 0.004000
1120001 0.003000 0.004000
1130001 0.003000 0.005000
1140001 0.004000 0.004000
1150001 0.004000 0.004000
1160001 0.006000 0.005000
1170001 0.020000 0.005000
1180001 0.005000 0.005000
1190001 0.004000 0.004000
1200001 0.003000 0.010000
1210001 0.004000 0.006000
1220001 0.010000 0.013000
1230001 0.005000 0.009000
1240001 0.008000 0.010000
1250001 0.007000 0.007000
1260001 0.006000 0.008000
1270001 0.005000 0.009000
1280001 0.006000 0.008000
1290001 0.006000 0.009000
1300001 0.007000 0.010000
1310001 0.006000 0.007000
1320001 0.005000 0.008000
1330001 0.004000 0.009000
1340001 0.008000 0.009000
1350001 0.008000 0.004000
1360001 0.004000 0.004000
1370001 0.004000 0.005000
1380001 0.004000 0.004000
1390001 0.004000 0.005000
1400001 0.005000 0.005000
1410001 0.003000 0.005000
1420001 0.004000 0.005000
1430001 0.004000 0.004000
1440001 0.005000 0.005000
1450001 0.005000 0.005000
1460001 0.004000 0.005000
1470001 0.004000 0.005000
1480001 0.005000 0.005000
1490001 0.004000 0.006000
1500001 0.004000 0.005000
1510001 0.005000 0.004000
1520001 0.005000 0.005000
1530001 0.004000 0.006000
1540001 0.005000 0.005000
1550001 0.005000 0.005000
1560001 0.004000 0.005000
1570001 0.005000 0.005000
1580001 0.005000 0.006000
1590001 0.005000 0.006000
1600001 0.005000 0.006000
1610001 0.005000 0.005000
1620001 0.005000 0.005000
1630001 0.005000 0.006000
1640001 0.005000 0.006000
1650001 0.005000 0.006000
1660001 0.005000 0.006000
1670001 0.004000 0.006000
1680001 0.006000 0.005000
1690001 0.005000 0.006000
1700001 0.005000 0.006000
1710001 0.005000 0.006000
1720001 0.005000 0.005000
1730001 0.005000 0.006000
1740001 0.006000 0.006000
1750001 0.006000 0.005000
1760001 0.005000 0.006000
1770001 0.005000 0.007000
1780001 0.007000 0.011000
1790001 0.008000 0.011000
1800001 0.008000 0.011000
1810001 0.007000 0.011000
1820001 0.009000 0.011000
1830001 0.007000 0.013000
1840001 0.008000 0.012000
1850001 0.008000 0.011000
1860001 0.008000 0.011000
1870001 0.008000 0.011000
1880001 0.009000 0.011000
1890001 0.007000 0.012000
1900001 0.008000 0.012000
1910001 0.008000 0.013000
1920001 0.008000 0.012000
1930001 0.009000 0.011000
1940001 0.009000 0.012000
1950001 0.008000 0.013000
1960001 0.006000 0.007000
1970001 0.005000 0.008000
1980001 0.007000 0.006000
1990001 0.006000 0.006000
2000001 0.006000 0.007000
2010001 0.006000 0.006000
2020001 0.007000 0.007000
2030001 0.007000 0.006000
2040001 0.006000 0.007000
2050001 0.007000 0.008000
2060001 0.007000 0.007000
2070001 0.006000 0.007000
2080001 0.006000 0.007000
2090001 0.006000 0.007000
2100001 0.006000 0.008000
2110001 0.006000 0.007000
2120001 0.006000 0.007000
2130001 0.006000 0.007000
2140001 0.006000 0.007000
2150001 0.006000 0.008000
2160001 0.007000 0.008000
2170001 0.006000 0.008000
2180001 0.006000 0.008000
2190001 0.006000 0.008000
2200001 0.006000 0.008000
2210001 0.006000 0.008000
2220001 0.007000 0.008000
2230001 0.007000 0.008000
2240001 0.007000 0.008000
2250001 0.007000 0.008000
2260001 0.006000 0.009000
2270001 0.006000 0.018000
2280001 0.006000 0.007000
2290001 0.007000 0.008000
2300001 0.007000 0.008000
2310001 0.007000 0.008000
2320001 0.007000 0.008000
2330001 0.006000 0.009000
2340001 0.006000 0.008000
2350001 0.007000 0.009000
2360001 0.007000 0.008000
2370001 0.007000 0.008000
2380001 0.006000 0.009000
2390001 0.006000 0.009000
2400001 0.006000 0.009000
2410001 0.007000 0.008000
2420001 0.008000 0.008000
2430001 0.007000 0.008000
2440001 0.009000 0.008000
2450001 0.007000 0.008000
2460001 0.007000 0.009000
2470001 0.008000 0.008000
2480001 0.007000 0.009000
2490001 0.007000 0.009000
2500001 0.007000 0.009000
2510001 0.008000 0.008000
2520001 0.007000 0.009000
2530001 0.007000 0.010000
2540001 0.008000 0.009000
2550001 0.007000 0.013000
2560001 0.011000 0.015000
2570001 0.011000 0.015000
2580001 0.012000 0.016000
2590001 0.011000 0.016000
2600001 0.011000 0.016000
2610001 0.011000 0.016000
2620001 0.012000 0.015000
2630001 0.011000 0.022000
2640001 0.009000 0.012000
2650001 0.009000 0.009000
2660001 0.008000 0.009000
2670001 0.008000 0.010000
2680001 0.007000 0.009000
2690001 0.007000 0.010000
2700001 0.007000 0.010000
2710001 0.008000 0.010000
2720001 0.007000 0.009000
2730001 0.008000 0.010000
2740001 0.008000 0.010000
2750001 0.008000 0.009000
2760001 0.008000 0.010000
2770001 0.008000 0.010000
2780001 0.008000 0.010000
2790001 0.008000 0.011000
2800001 0.008000 0.009000
2810001 0.010000 0.009000
2820001 0.008000 0.010000
2830001 0.008000 0.010000
2840001 0.009000 0.010000
2850001 0.008000 0.010000
2860001 0.009000 0.009000
2870001 0.010000 0.010000
2880001 0.008000 0.010000
2890001 0.009000 0.010000
2900001 0.011000 0.011000
2910001 0.008000 0.011000
2920001 0.009000 0.010000
2930001 0.008000 0.010000
2940001 0.008000 0.011000
2950001 0.011000 0.017000
2960001 0.010000 0.011000
2970001 0.010000 0.012000
2980001 0.010000 0.012000
2990001 0.008000 0.011000
3000001 0.009000 0.011000
3010001 0.009000 0.009000
3020001 0.009000 0.010000
3030001 0.009000 0.010000
3040001 0.009000 0.010000
3050001 0.009000 0.011000
3060001 0.009000 0.011000
3070001 0.010000 0.010000
3080001 0.010000 0.011000
3090001 0.010000 0.011000
3100001 0.010000 0.010000
3110001 0.009000 0.011000
3120001 0.009000 0.011000
3130001 0.009000 0.010000
3140001 0.010000 0.011000
3150001 0.010000 0.011000
3160001 0.009000 0.011000
3170001 0.010000 0.011000
3180001 0.009000 0.011000
3190001 0.010000 0.011000
3200001 0.009000 0.011000
3210001 0.009000 0.011000
3220001 0.010000 0.011000
3230001 0.010000 0.011000
3240001 0.009000 0.011000
3250001 0.009000 0.012000
3260001 0.009000 0.011000
3270001 0.009000 0.015000
3280001 0.011000 0.014000
3290001 0.010000 0.012000
3300001 0.010000 0.011000
3310001 0.010000 0.011000
3320001 0.010000 0.012000
3330001 0.010000 0.011000
3340001 0.011000 0.012000
3350001 0.009000 0.012000
3360001 0.010000 0.012000
3370001 0.010000 0.011000
3380001 0.011000 0.011000
3390001 0.010000 0.012000
3400001 0.010000 0.012000
3410001 0.010000 0.011000
3420001 0.010000 0.011000
3430001 0.010000 0.012000
3440001 0.010000 0.011000
3450001 0.010000 0.011000
3460001 0.011000 0.012000
3470001 0.011000 0.011000
3480001 0.010000 0.012000
3490001 0.010000 0.013000
3500001 0.010000 0.012000
3510001 0.011000 0.012000
3520001 0.010000 0.013000
3530001 0.010000 0.013000
3540001 0.011000 0.016000
3550001 0.012000 0.013000
3560001 0.011000 0.012000
3570001 0.011000 0.012000
3580001 0.011000 0.014000
3590001 0.010000 0.012000
3600001 0.010000 0.012000
3610001 0.010000 0.014000
3620001 0.011000 0.013000
3630001 0.010000 0.012000
3640001 0.010000 0.014000
3650001 0.010000 0.013000
3660001 0.011000 0.013000
3670001 0.011000 0.014000
3680001 0.010000 0.014000
3690001 0.010000 0.012000
3700001 0.010000 0.013000
3710001 0.019000 0.013000
3720001 0.011000 0.013000
3730001 0.011000 0.014000
3740001 0.011000 0.013000
3750001 0.011000 0.012000
3760001 0.010000 0.013000
3770001 0.012000 0.016000
3780001 0.015000 0.014000
3790001 0.012000 0.012000
3800001 0.011000 0.013000
3810001 0.011000 0.013000
3820001 0.011000 0.014000
3830001 0.011000 0.013000
3840001 0.011000 0.013000
3850001 0.012000 0.015000
3860001 0.012000 0.014000
3870001 0.011000 0.014000
3880001 0.011000 0.013000
3890001 0.011000 0.012000
3900001 0.011000 0.013000
3910001 0.020000 0.013000
3920001 0.011000 0.013000
3930001 0.011000 0.014000
3940001 0.011000 0.015000
3950001 0.011000 0.015000
3960001 0.011000 0.014000
3970001 0.012000 0.013000
3980001 0.012000 0.012000
3990001 0.011000 0.013000
4000001 0.012000 0.014000
4010001 0.011000 0.014000
4020001 0.012000 0.015000
4030001 0.012000 0.014000
4040001 0.012000 0.014000
4050001 0.012000 0.014000
4060001 0.012000 0.014000
4070001 0.011000 0.015000
4080001 0.012000 0.015000
4090001 0.021000 0.013000
4100001 0.012000 0.015000
4110001 0.012000 0.014000
4120001 0.011000 0.015000
4130001 0.012000 0.015000
4140001 0.011000 0.015000
4150001 0.012000 0.013000
4160001 0.017000 0.019000
4170001 0.012000 0.015000
4180001 0.011000 0.014000
4190001 0.012000 0.014000
4200001 0.012000 0.015000
4210001 0.013000 0.014000
4220001 0.013000 0.014000
4230001 0.012000 0.015000
4240001 0.012000 0.015000
4250001 0.013000 0.044000
4260001 0.012000 0.014000
4270001 0.012000 0.014000
4280001 0.012000 0.016000
4290001 0.013000 0.015000
4300001 0.012000 0.014000
4310001 0.013000 0.014000
4320001 0.013000 0.014000
4330001 0.014000 0.017000
4340001 0.012000 0.016000
4350001 0.013000 0.015000
4360001 0.014000 0.015000
4370001 0.014000 0.015000
4380001 0.013000 0.018000
4390001 0.014000 0.016000
4400001 0.013000 0.016000
4410001 0.013000 0.016000
4420001 0.012000 0.016000
4430001 0.012000 0.016000
4440001 0.012000 0.016000
4450001 0.012000 0.023000
4460001 0.014000 0.015000
4470001 0.013000 0.016000
4480001 0.012000 0.016000
4490001 0.012000 0.016000
4500001 0.013000 0.015000
4510001 0.014000 0.015000
4520001 0.013000 0.016000
4530001 0.013000 0.015000
4540001 0.013000 0.016000
4550001 0.014000 0.016000
4560001 0.015000 0.015000
4570001 0.013000 0.016000
4580001 0.013000 0.015000
4590001 0.013000 0.016000
4600001 0.013000 0.015000
4610001 0.015000 0.020000
4620001 0.013000 0.015000
4630001 0.013000 0.016000
4640001 0.013000 0.016000
4650001 0.013000 0.017000
4660001 0.015000 0.016000
4670001 0.014000 0.016000
4680001 0.014000 0.016000
4690001 0.014000 0.017000
4700001 0.014000 0.017000
4710001 0.013000 0.017000
4720001 0.013000 0.019000
4730001 0.014000 0.016000
4740001 0.014000 0.016000
4750001 0.014000 0.018000
4760001 0.015000 0.016000
4770001 0.014000 0.016000
4780001 0.015000 0.016000
4790001 0.015000 0.016000
4800001 0.015000 0.019000
4810001 0.015000 0.017000
4820001 0.013000 0.017000
4830001 0.014000 0.019000
4840001 0.014000 0.017000
4850001 0.013000 0.018000
4860001 0.013000 0.017000
4870001 0.014000 0.017000
4880001 0.015000 0.017000
4890001 0.014000 0.017000
4900001 0.014000 0.017000
4910001 0.014000 0.017000
4920001 0.015000 0.017000
4930001 0.014000 0.017000
4940001 0.014000 0.017000
4950001 0.015000 0.017000
4960001 0.014000 0.018000
4970001 0.014000 0.017000
4980001 0.014000 0.018000
4990001 0.014000 0.017000
5000001 0.014000 0.028000
5010001 0.015000 0.017000
5020001 0.014000 0.018000
5030001 0.014000 0.018000
5040001 0.015000 0.016000
5050001 0.016000 0.020000
5060001 0.015000 0.017000
5070001 0.015000 0.019000
5080001 0.015000 0.018000
5090001 0.015000 0.018000
5100001 0.017000 0.017000
5110001 0.014000 0.018000
5120001 0.016000 0.019000
5130001 0.015000 0.017000
5140001 0.015000 0.017000
5150001 0.015000 0.021000
5160001 0.019000 0.018000
5170001 0.015000 0.018000
5180001 0.016000 0.017000
5190001 0.015000 0.017000
5200001 0.017000 0.017000
5210001 0.015000 0.018000
5220001 0.015000 0.020000
5230001 0.015000 0.019000
5240001 0.015000 0.019000
5250001 0.016000 0.019000
5260001 0.016000 0.017000
5270001 0.015000 0.017000
5280001 0.015000 0.018000
5290001 0.015000 0.018000
5300001 0.016000 0.026000
5310001 0.015000 0.018000
5320001 0.016000 0.018000
5330001 0.015000 0.018000
5340001 0.016000 0.019000
5350001 0.016000 0.019000
5360001 0.015000 0.018000
5370001 0.016000 0.019000
5380001 0.015000 0.019000
5390001 0.016000 0.018000
5400001 0.015000 0.018000
5410001 0.015000 0.019000
5420001 0.016000 0.018000
5430001 0.017000 0.019000
5440001 0.025000 0.018000
5450001 0.016000 0.019000
5460001 0.016000 0.019000
5470001 0.016000 0.018000
5480001 0.016000 0.018000
5490001 0.016000 0.018000
5500001 0.017000 0.019000
5510001 0.016000 0.019000
5520001 0.016000 0.018000
5530001 0.016000 0.018000
5540001 0.017000 0.018000
5550001 0.016000 0.018000
5560001 0.017000 0.028000
5570001 0.016000 0.019000
5580001 0.017000 0.019000
5590001 0.017000 0.018000
5600001 0.017000 0.019000
5610001 0.016000 0.020000
5620001 0.017000 0.019000
5630001 0.016000 0.019000
5640001 0.016000 0.020000
5650001 0.017000 0.020000
5660001 0.016000 0.019000
5670001 0.017000 0.020000
5680001 0.016000 0.020000
5690001 0.017000 0.019000
5700001 0.017000 0.020000
5710001 0.019000 0.025000
5720001 0.016000 0.020000
5730001 0.019000 0.020000
5740001 0.023000 0.021000
5750001 0.016000 0.021000
5760001 0.017000 0.020000
5770001 0.017000 0.020000
5780001 0.016000 0.021000
5790001 0.017000 0.020000
5800001 0.017000 0.021000
5810001 0.018000 0.020000
5820001 0.017000 0.020000
5830001 0.017000 0.021000
5840001 0.018000 0.021000
5850001 0.016000 0.022000
5860001 0.017000 0.031000
5870001 0.017000 0.021000
5880001 0.017000 0.022000
5890001 0.018000 0.021000
5900001 0.018000 0.020000
5910001 0.017000 0.020000
5920001 0.019000 0.025000
5930001 0.017000 0.019000
5940001 0.018000 0.020000
5950001 0.017000 0.021000
5960001 0.017000 0.021000
5970001 0.018000 0.021000
5980001 0.017000 0.020000
5990001 0.018000 0.031000
6000001 0.018000 0.022000
6010001 0.019000 0.021000
6020001 0.017000 0.020000
6030001 0.017000 0.021000
6040001 0.019000 0.023000
6050001 0.018000 0.020000
6060001 0.019000 0.021000
6070001 0.019000 0.020000
6080001 0.018000 0.020000
6090001 0.016000 0.022000
6100001 0.019000 0.022000
6110001 0.018000 0.020000
6120001 0.018000 0.022000
6130001 0.019000 0.021000
6140001 0.018000 0.022000
6150001 0.018000 0.021000
6160001 0.019000 0.022000
6170001 0.018000 0.022000
6180001 0.019000 0.021000
6190001 0.018000 0.021000
6200001 0.018000 0.022000
6210001 0.019000 0.021000
6220001 0.017000 0.023000
6230001 0.018000 0.022000
6240001 0.018000 0.023000
6250001 0.019000 0.022000
6260001 0.018000 0.022000
6270001 0.019000 0.032000
6280001 0.018000 0.024000
6290001 0.020000 0.020000
6300001 0.019000 0.023000
6310001 0.019000 0.022000
6320001 0.019000 0.022000
6330001 0.020000 0.023000
6340001 0.020000 0.021000
6350001 0.019000 0.021000
6360001 0.019000 0.023000
6370001 0.019000 0.024000
6380001 0.020000 0.022000
6390001 0.020000 0.036000
6400001 0.020000 0.021000
6410001 0.020000 0.022000
6420001 0.019000 0.023000
6430001 0.018000 0.022000
6440001 0.019000 0.022000
6450001 0.020000 0.021000
6460001 0.018000 0.022000
6470001 0.020000 0.022000
6480001 0.020000 0.022000
6490001 0.021000 0.023000
6500001 0.019000 0.022000
6510001 0.020000 0.023000
6520001 0.019000 0.023000
6530001 0.023000 0.036000
6540001 0.019000 0.023000
6550001 0.019000 0.023000
6560001 0.019000 0.023000
6570001 0.020000 0.023000
6580001 0.020000 0.022000
6590001 0.019000 0.023000
6600001 0.019000 0.023000
6610001 0.019000 0.023000
6620001 0.019000 0.026000
6630001 0.020000 0.022000
6640001 0.019000 0.023000
6650001 0.021000 0.022000
6660001 0.020000 0.033000
6670001 0.019000 0.024000
6680001 0.020000 0.023000
6690001 0.020000 0.025000
6700001 0.020000 0.024000
6710001 0.020000 0.024000
6720001 0.021000 0.023000
6730001 0.020000 0.023000
6740001 0.020000 0.023000
6750001 0.019000 0.024000
6760001 0.021000 0.024000
6770001 0.019000 0.025000
6780001 0.020000 0.023000
6790001 0.019000 0.047000
6800001 0.019000 0.025000
6810001 0.019000 0.023000
6820001 0.019000 0.024000
6830001 0.022000 0.023000
6840001 0.020000 0.025000
6850001 0.020000 0.022000
6860001 0.020000 0.024000
6870001 0.021000 0.023000
6880001 0.021000 0.024000
6890001 0.021000 0.024000
6900001 0.021000 0.023000
6910001 0.021000 0.024000
6920001 0.020000 0.030000
6930001 0.020000 0.025000
6940001 0.021000 0.024000
6950001 0.024000 0.024000
6960001 0.020000 0.024000
6970001 0.021000 0.023000
6980001 0.021000 0.024000
6990001 0.021000 0.024000
7000001 0.020000 0.025000
7010001 0.020000 0.025000
7020001 0.021000 0.023000
7030001 0.022000 0.024000
7040001 0.020000 0.024000
7050001 0.020000 0.025000
7060001 0.021000 0.025000
7070001 0.021000 0.024000
7080001 0.021000 0.025000
7090001 0.022000 0.025000
7100001 0.020000 0.026000
7110001 0.022000 0.024000
7120001 0.020000 0.026000
7130001 0.022000 0.025000
7140001 0.022000 0.024000
7150001 0.021000 0.025000
7160001 0.021000 0.025000
7170001 0.027000 0.025000
7180001 0.022000 0.024000
7190001 0.020000 0.027000
7200001 0.020000 0.026000
7210001 0.022000 0.025000
7220001 0.020000 0.026000
7230001 0.020000 0.025000
7240001 0.021000 0.025000
7250001 0.022000 0.024000
7260001 0.022000 0.028000
7270001 0.022000 0.024000
7280001 0.023000 0.025000
7290001 0.030000 0.025000
7300001 0.021000 0.026000
7310001 0.023000 0.024000
7320001 0.021000 0.025000
7330001 0.022000 0.024000
7340001 0.021000 0.026000
7350001 0.023000 0.024000
7360001 0.022000 0.026000
7370001 0.022000 0.025000
7380001 0.021000 0.026000
7390001 0.022000 0.026000
7400001 0.022000 0.025000
7410001 0.044000 0.027000
7420001 0.022000 0.025000
7430001 0.022000 0.025000
7440001 0.022000 0.025000
7450001 0.021000 0.026000
7460001 0.021000 0.027000
7470001 0.023000 0.025000
7480001 0.022000 0.026000
7490001 0.022000 0.025000
7500001 0.022000 0.026000
7510001 0.022000 0.026000
7520001 0.022000 0.025000
7530001 0.023000 0.026000
7540001 0.023000 0.026000
7550001 0.023000 0.026000
7560001 0.022000 0.027000
7570001 0.021000 0.026000
7580001 0.023000 0.028000
7590001 0.021000 0.026000
7600001 0.024000 0.025000
7610001 0.022000 0.026000
7620001 0.022000 0.027000
7630001 0.022000 0.026000
7640001 0.023000 0.033000
7650001 0.022000 0.027000
7660001 0.023000 0.026000
7670001 0.022000 0.027000
7680001 0.023000 0.026000
7690001 0.023000 0.025000
7700001 0.022000 0.026000
7710001 0.022000 0.027000
7720001 0.023000 0.027000
7730001 0.023000 0.026000
7740001 0.023000 0.026000
7750001 0.023000 0.048000
7760001 0.022000 0.027000
7770001 0.023000 0.026000
7780001 0.022000 0.027000
7790001 0.023000 0.026000
7800001 0.024000 0.026000
7810001 0.023000 0.027000
7820001 0.024000 0.026000
7830001 0.023000 0.027000
7840001 0.022000 0.027000
7850001 0.023000 0.028000
7860001 0.025000 0.025000
7870001 0.022000 0.026000
7880001 0.022000 0.027000
7890001 0.023000 0.028000
7900001 0.023000 0.026000
7910001 0.023000 0.028000
7920001 0.023000 0.028000
7930001 0.023000 0.027000
7940001 0.023000 0.027000
7950001 0.022000 0.028000
7960001 0.023000 0.026000
7970001 0.024000 0.027000
7980001 0.023000 0.029000
7990001 0.024000 0.027000
8000001 0.024000 0.028000
8010001 0.023000 0.028000
8020001 0.023000 0.028000
8030001 0.023000 0.027000
8040001 0.024000 0.028000
8050001 0.023000 0.027000
8060001 0.023000 0.028000
8070001 0.024000 0.029000
8080001 0.023000 0.035000
8090001 0.024000 0.027000
8100001 0.023000 0.029000
8110001 0.024000 0.028000
8120001 0.024000 0.028000
8130001 0.024000 0.028000
8140001 0.027000 0.028000
8150001 0.024000 0.027000
8160001 0.025000 0.028000
8170001 0.023000 0.028000
8180001 0.024000 0.027000
8190001 0.031000 0.029000
8200001 0.024000 0.028000
8210001 0.023000 0.029000
8220001 0.024000 0.029000
8230001 0.025000 0.027000
8240001 0.024000 0.028000
8250001 0.024000 0.028000
8260001 0.024000 0.028000
8270001 0.024000 0.029000
8280001 0.025000 0.028000
8290001 0.023000 0.067000
8300001 0.023000 0.028000
8310001 0.025000 0.028000
8320001 0.026000 0.029000
8330001 0.024000 0.029000
8340001 0.024000 0.029000
8350001 0.025000 0.028000
8360001 0.024000 0.029000
8370001 0.025000 0.029000
8380001 0.023000 0.029000
8390001 0.024000 0.030000
8400001 0.031000 0.030000
8410001 0.034000 0.029000
8420001 0.024000 0.028000
8430001 0.024000 0.029000
8440001 0.024000 0.028000
8450001 0.025000 0.028000
8460001 0.024000 0.029000
8470001 0.024000 0.029000
8480001 0.024000 0.028000
8490001 0.024000 0.029000
8500001 0.023000 0.034000
8510001 0.023000 0.028000
8520001 0.023000 0.030000
8530001 0.024000 0.027000
8540001 0.023000 0.028000
8550001 0.025000 0.030000
8560001 0.024000 0.029000
8570001 0.025000 0.030000
8580001 0.026000 0.030000
8590001 0.025000 0.029000
8600001 0.025000 0.053000
8610001 0.025000 0.030000
8620001 0.024000 0.030000
8630001 0.025000 0.029000
8640001 0.025000 0.031000
8650001 0.025000 0.029000
8660001 0.025000 0.030000
8670001 0.025000 0.033000
8680001 0.025000 0.030000
8690001 0.026000 0.029000
8700001 0.025000 0.044000
8710001 0.026000 0.029000
8720001 0.025000 0.031000
8730001 0.026000 0.031000
8740001 0.026000 0.030000
8750001 0.025000 0.031000
8760001 0.026000 0.030000
8770001 0.025000 0.031000
8780001 0.025000 0.031000
8790001 0.025000 0.031000
8800001 0.025000 0.054000
8810001 0.026000 0.030000
8820001 0.026000 0.030000
8830001 0.025000 0.030000
8840001 0.026000 0.032000
8850001 0.025000 0.032000
8860001 0.025000 0.030000
8870001 0.026000 0.030000
8880001 0.025000 0.033000
8890001 0.025000 0.031000
8900001 0.026000 0.045000
8910001 0.027000 0.030000
8920001 0.025000 0.031000
8930001 0.026000 0.031000
8940001 0.028000 0.031000
8950001 0.025000 0.030000
8960001 0.027000 0.030000
8970001 0.027000 0.031000
8980001 0.026000 0.032000
8990001 0.028000 0.030000
9000001 0.026000 0.046000
9010001 0.027000 0.031000
9020001 0.026000 0.031000
9030001 0.027000 0.032000
9040001 0.026000 0.032000
9050001 0.027000 0.031000
9060001 0.027000 0.031000
9070001 0.028000 0.030000
9080001 0.031000 0.033000
9090001 0.029000 0.032000
9100001 0.033000 0.031000
9110001 0.028000 0.032000
9120001 0.027000 0.032000
9130001 0.027000 0.034000
9140001 0.025000 0.032000
9150001 0.028000 0.032000
9160001 0.027000 0.033000
9170001 0.028000 0.034000
9180001 0.027000 0.034000
9190001 0.027000 0.045000
9200001 0.028000 0.033000
9210001 0.027000 0.033000
9220001 0.027000 0.032000
9230001 0.029000 0.032000
9240001 0.028000 0.032000
9250001 0.029000 0.032000
9260001 0.026000 0.033000
9270001 0.029000 0.034000
9280001 0.028000 0.033000
9290001 0.044000 0.032000
9300001 0.028000 0.032000
9310001 0.027000 0.033000
9320001 0.028000 0.033000
9330001 0.029000 0.033000
9340001 0.030000 0.033000
9350001 0.029000 0.034000
9360001 0.028000 0.033000
9370001 0.029000 0.033000
9380001 0.029000 0.048000
9390001 0.028000 0.034000
9400001 0.027000 0.034000
9410001 0.026000 0.033000
9420001 0.029000 0.032000
9430001 0.029000 0.031000
9440001 0.027000 0.033000
9450001 0.029000 0.032000
9460001 0.027000 0.033000
9470001 0.028000 0.032000
9480001 0.027000 0.033000
9490001 0.028000 0.032000
9500001 0.027000 0.032000
9510001 0.027000 0.033000
9520001 0.028000 0.033000
9530001 0.028000 0.034000
9540001 0.031000 0.036000
9550001 0.030000 0.035000
9560001 0.029000 0.034000
9570001 0.044000 0.034000
9580001 0.028000 0.034000
9590001 0.029000 0.034000
9600001 0.028000 0.034000
9610001 0.029000 0.034000
9620001 0.029000 0.035000
9630001 0.030000 0.035000
9640001 0.049000 0.044000
9650001 0.029000 0.033000
9660001 0.038000 0.034000
9670001 0.028000 0.035000
9680001 0.028000 0.035000
9690001 0.030000 0.035000
9700001 0.030000 0.034000
9710001 0.028000 0.034000
9720001 0.029000 0.035000
9730001 0.030000 0.036000
9740001 0.029000 0.036000
9750001 0.043000 0.035000
9760001 0.031000 0.035000
9770001 0.029000 0.035000
9780001 0.029000 0.032000
9790001 0.027000 0.035000
9800001 0.029000 0.034000
9810001 0.029000 0.034000
9820001 0.029000 0.032000
9830001 0.029000 0.034000
9840001 0.037000 0.035000
9850001 0.029000 0.034000
9860001 0.031000 0.033000
9870001 0.028000 0.033000
9880001 0.029000 0.034000
9890001 0.029000 0.034000
9900001 0.028000 0.035000
9910001 0.028000 0.034000
9920001 0.029000 0.034000
9930001 0.031000 0.035000
9940001 0.029000 0.034000
9950001 0.030000 0.033000
9960001 0.029000 0.034000
9970001 0.029000 0.035000
9980001 0.028000 0.034000
9990001 0.030000 0.034000
10000001 0.030000 0.034000
10010001 0.030000 0.035000
10020001 0.029000 0.034000
10030001 0.028000 0.036000
10040001 0.029000 0.034000
10050001 0.030000 0.038000
10060001 0.035000 0.036000
10070001 0.030000 0.037000
10080001 0.030000 0.038000
10090001 0.031000 0.035000
10100001 0.030000 0.051000
10110001 0.030000 0.034000
10120001 0.030000 0.035000
10130001 0.030000 0.036000
10140001 0.031000 0.036000
10150001 0.032000 0.036000
10160001 0.030000 0.035000
10170001 0.030000 0.035000
10180001 0.029000 0.035000
10190001 0.029000 0.043000
10200001 0.030000 0.035000
10210001 0.030000 0.035000
10220001 0.031000 0.035000
10230001 0.029000 0.036000
10240001 0.030000 0.035000
10250001 0.030000 0.035000
10260001 0.030000 0.035000
10270001 0.030000 0.036000
10280001 0.030000 0.036000
10290001 0.031000 0.035000
10300001 0.030000 0.039000
10310001 0.029000 0.035000
10320001 0.031000 0.035000
10330001 0.030000 0.036000
10340001 0.031000 0.036000
10350001 0.030000 0.036000
10360001 0.030000 0.045000
10370001 0.030000 0.036000
10380001 0.030000 0.035000
10390001 0.031000 0.036000
10400001 0.031000 0.035000
10410001 0.031000 0.035000
10420001 0.030000 0.037000
10430001 0.030000 0.034000
10440001 0.031000 0.035000
10450001 0.030000 0.037000
10460001 0.029000 0.037000
10470001 0.031000 0.036000
10480001 0.031000 0.035000
10490001 0.031000 0.036000
10500001 0.030000 0.037000
10510001 0.031000 0.037000
10520001 0.032000 0.037000
10530001 0.030000 0.037000
10540001 0.032000 0.036000
10550001 0.032000 0.036000
10560001 0.031000 0.035000
10570001 0.032000 0.037000
10580001 0.032000 0.037000
10590001 0.032000 0.035000
10600001 0.032000 0.045000
10610001 0.032000 0.038000
10620001 0.044000 0.036000
10630001 0.031000 0.038000
10640001 0.033000 0.036000
10650001 0.033000 0.038000
10660001 0.032000 0.037000
10670001 0.032000 0.064000
10680001 0.031000 0.036000
10690001 0.030000 0.036000
10700001 0.031000 0.037000
10710001 0.032000 0.036000
10720001 0.031000 0.038000
10730001 0.033000 0.036000
10740001 0.030000 0.036000
10750001 0.031000 0.037000
10760001 0.031000 0.036000
10770001 0.031000 0.036000
10780001 0.032000 0.037000
10790001 0.032000 0.036000
10800001 0.031000 0.037000
10810001 0.030000 0.037000
10820001 0.033000 0.037000
10830001 0.031000 0.038000
10840001 0.032000 0.036000
10850001 0.031000 0.035000
10860001 0.031000 0.038000
10870001 0.031000 0.038000
10880001 0.032000 0.037000
10890001 0.032000 0.037000
10900001 0.033000 0.037000
10910001 0.032000 0.037000
10920001 0.042000 0.037000
10930001 0.032000 0.038000
10940001 0.031000 0.037000
10950001 0.033000 0.038000
10960001 0.032000 0.038000
10970001 0.032000 0.037000
10980001 0.031000 0.038000
10990001 0.033000 0.038000
11000001 0.042000 0.038000
11010001 0.032000 0.037000
11020001 0.032000 0.038000
11030001 0.032000 0.036000
11040001 0.033000 0.038000
11050001 0.031000 0.038000
11060001 0.033000 0.037000
11070001 0.031000 0.039000
11080001 0.050000 0.039000
11090001 0.033000 0.038000
11100001 0.032000 0.039000
11110001 0.032000 0.038000
11120001 0.034000 0.037000
11130001 0.032000 0.039000
11140001 0.035000 0.040000
11150001 0.031000 0.037000
11160001 0.031000 0.039000
11170001 0.033000 0.038000
11180001 0.032000 0.038000
11190001 0.035000 0.037000
11200001 0.033000 0.038000
11210001 0.033000 0.039000
11220001 0.033000 0.039000
11230001 0.033000 0.037000
11240001 0.033000 0.040000
11250001 0.032000 0.038000
11260001 0.032000 0.038000
11270001 0.032000 0.040000
11280001 0.033000 0.039000
11290001 0.032000 0.039000
11300001 0.033000 0.039000
11310001 0.033000 0.055000
11320001 0.033000 0.041000
11330001 0.034000 0.038000
11340001 0.036000 0.039000
11350001 0.033000 0.040000
11360001 0.037000 0.039000
11370001 0.033000 0.038000
11380001 0.034000 0.039000
11390001 0.033000 0.050000
11400001 0.033000 0.039000
11410001 0.032000 0.039000
11420001 0.034000 0.038000
11430001 0.034000 0.040000
11440001 0.034000 0.039000
11450001 0.033000 0.040000
11460001 0.033000 0.040000
11470001 0.052000 0.039000
11480001 0.034000 0.039000
11490001 0.034000 0.039000
11500001 0.034000 0.039000
11510001 0.033000 0.039000
11520001 0.033000 0.040000
11530001 0.034000 0.040000
11540001 0.033000 0.056000
11550001 0.034000 0.040000
11560001 0.034000 0.039000
11570001 0.034000 0.039000
11580001 0.035000 0.041000
11590001 0.034000 0.039000
11600001 0.033000 0.040000
11610001 0.034000 0.041000
11620001 0.044000 0.040000
11630001 0.034000 0.041000
11640001 0.034000 0.040000
11650001 0.033000 0.040000
11660001 0.034000 0.041000
11670001 0.034000 0.040000
11680001 0.034000 0.040000
11690001 0.034000 0.079000
11700001 0.034000 0.041000
11710001 0.034000 0.039000
11720001 0.035000 0.039000
11730001 0.034000 0.041000
11740001 0.035000 0.040000
11750001 0.033000 0.041000
11760001 0.034000 0.040000
11770001 0.043000 0.041000
11780001 0.034000 0.042000
11790001 0.034000 0.040000
11800001 0.034000 0.041000
11810001 0.035000 0.041000
11820001 0.035000 0.043000
11830001 0.035000 0.043000
11840001 0.035000 0.066000
11850001 0.033000 0.041000
11860001 0.038000 0.043000
11870001 0.038000 0.041000
11880001 0.036000 0.042000
11890001 0.036000 0.039000
11900001 0.034000 0.041000
11910001 0.035000 0.043000
11920001 0.033000 0.038000
11930001 0.034000 0.042000
11940001 0.035000 0.042000
11950001 0.033000 0.041000
11960001 0.035000 0.042000
11970001 0.036000 0.041000
11980001 0.034000 0.042000
11990001 0.034000 0.050000
12000001 0.035000 0.042000
12010001 0.034000 0.042000
12020001 0.034000 0.042000
12030001 0.036000 0.041000
12040001 0.035000 0.042000
12050001 0.036000 0.041000
12060001 0.035000 0.060000
12070001 0.035000 0.042000
12080001 0.035000 0.042000
12090001 0.035000 0.042000
12100001 0.037000 0.043000
12110001 0.036000 0.041000
12120001 0.035000 0.041000
12130001 0.036000 0.041000
12140001 0.035000 0.042000
12150001 0.036000 0.042000
12160001 0.036000 0.042000
12170001 0.036000 0.040000
12180001 0.037000 0.041000
12190001 0.038000 0.048000
12200001 0.037000 0.043000
12210001 0.057000 0.042000
12220001 0.036000 0.043000
12230001 0.035000 0.041000
12240001 0.036000 0.041000
12250001 0.037000 0.047000
12260001 0.035000 0.044000
12270001 0.035000 0.042000
12280001 0.038000 0.054000
12290001 0.034000 0.042000
12300001 0.036000 0.041000
12310001 0.036000 0.042000
12320001 0.036000 0.044000
12330001 0.037000 0.043000
12340001 0.035000 0.042000
12350001 0.035000 0.052000
12360001 0.036000 0.043000
12370001 0.036000 0.043000
12380001 0.037000 0.042000
12390001 0.035000 0.042000
12400001 0.035000 0.042000
12410001 0.037000 0.042000
12420001 0.036000 0.055000
12430001 0.036000 0.043000
12440001 0.036000 0.042000
12450001 0.036000 0.046000
12460001 0.039000 0.050000
12470001 0.037000 0.043000
12480001 0.036000 0.045000
12490001 0.037000 0.060000
12500001 0.036000 0.044000
12510001 0.037000 0.044000
12520001 0.035000 0.043000
12530001 0.036000 0.043000
12540001 0.037000 0.043000
12550001 0.036000 0.044000
12560001 0.037000 0.054000
12570001 0.036000 0.044000
12580001 0.036000 0.043000
12590001 0.038000 0.043000
12600001 0.039000 0.047000
12610001 0.038000 0.044000
12620001 0.037000 0.047000
12630001 0.039000 0.053000
12640001 0.038000 0.042000
12650001 0.036000 0.043000
12660001 0.037000 0.043000
12670001 0.037000 0.044000
12680001 0.037000 0.043000
12690001 0.036000 0.044000
12700001 0.037000 0.054000
12710001 0.036000 0.044000
12720001 0.037000 0.045000
12730001 0.040000 0.046000
12740001 0.037000 0.045000
12750001 0.037000 0.047000
12760001 0.037000 0.044000
12770001 0.037000 0.063000
12780001 0.038000 0.045000
12790001 0.039000 0.044000
12800001 0.037000 0.044000
12810001 0.037000 0.044000
12820001 0.037000 0.046000
12830001 0.038000 0.044000
12840001 0.047000 0.045000
12850001 0.039000 0.044000
12860001 0.040000 0.048000
12870001 0.038000 0.047000
12880001 0.039000 0.046000
12890001 0.037000 0.044000
12900001 0.038000 0.045000
12910001 0.037000 0.044000
12920001 0.039000 0.044000
12930001 0.037000 0.045000
12940001 0.038000 0.044000
12950001 0.037000 0.045000
12960001 0.038000 0.045000
12970001 0.037000 0.045000
12980001 0.037000 0.044000
12990001 0.037000 0.042000
13000001 0.039000 0.044000
13010001 0.038000 0.045000
13020001 0.038000 0.046000
13030001 0.038000 0.045000
13040001 0.038000 0.080000
13050001 0.037000 0.045000
13060001 0.039000 0.045000
13070001 0.038000 0.045000
13080001 0.038000 0.045000
13090001 0.038000 0.045000
13100001 0.039000 0.045000
13110001 0.038000 0.054000
13120001 0.038000 0.046000
13130001 0.038000 0.044000
13140001 0.039000 0.045000
13150001 0.039000 0.044000
13160001 0.041000 0.046000
13170001 0.038000 0.045000
13180001 0.049000 0.047000
13190001 0.039000 0.045000
13200001 0.039000 0.047000
13210001 0.038000 0.045000
13220001 0.038000 0.045000
13230001 0.039000 0.044000
13240001 0.039000 0.045000
13250001 0.038000 0.047000
13260001 0.039000 0.046000
13270001 0.040000 0.044000
13280001 0.039000 0.045000
13290001 0.039000 0.046000
13300001 0.039000 0.045000
13310001 0.039000 0.055000
13320001 0.039000 0.047000
13330001 0.042000 0.046000
13340001 0.040000 0.046000
13350001 0.040000 0.045000
13360001 0.038000 0.047000
13370001 0.039000 0.046000
13380001 0.040000 0.045000
13390001 0.039000 0.046000
13400001 0.040000 0.045000
13410001 0.040000 0.046000
13420001 0.040000 0.046000
13430001 0.038000 0.047000
13440001 0.039000 0.115000
13450001 0.040000 0.045000
13460001 0.040000 0.047000
13470001 0.039000 0.045000
13480001 0.040000 0.046000
13490001 0.039000 0.049000
13500001 0.039000 0.048000
13510001 0.051000 0.046000
13520001 0.040000 0.048000
13530001 0.039000 0.046000
13540001 0.040000 0.045000
13550001 0.041000 0.046000
13560001 0.039000 0.047000
13570001 0.040000 0.066000
13580001 0.040000 0.046000
13590001 0.040000 0.047000
13600001 0.040000 0.046000
13610001 0.038000 0.047000
13620001 0.040000 0.046000
13630001 0.041000 0.046000
13640001 0.064000 0.046000
13650001 0.039000 0.048000
13660001 0.040000 0.047000
13670001 0.039000 0.047000
13680001 0.042000 0.046000
13690001 0.040000 0.047000
13700001 0.041000 0.068000
13710001 0.040000 0.047000
13720001 0.041000 0.049000
13730001 0.040000 0.048000
13740001 0.041000 0.052000
13750001 0.040000 0.047000
13760001 0.046000 0.049000
13770001 0.040000 0.047000
13780001 0.042000 0.049000
13790001 0.043000 0.049000
13800001 0.042000 0.049000
13810001 0.042000 0.049000
13820001 0.038000 0.047000
13830001 0.040000 0.071000
13840001 0.042000 0.059000
13850001 0.040000 0.049000
13860001 0.046000 0.045000
13870001 0.040000 0.049000
13880001 0.043000 0.049000
13890001 0.041000 0.085000
13900001 0.040000 0.047000
13910001 0.040000 0.048000
13920001 0.041000 0.049000
13930001 0.042000 0.049000
13940001 0.041000 0.048000
13950001 0.041000 0.048000
13960001 0.041000 0.047000
13970001 0.044000 0.047000
13980001 0.041000 0.050000
13990001 0.042000 0.048000
14000001 0.041000 0.047000
14010001 0.041000 0.049000
14020001 0.054000 0.047000
14030001 0.042000 0.050000
14040001 0.042000 0.050000
14050001 0.041000 0.050000
14060001 0.041000 0.050000
14070001 0.040000 0.047000
14080001 0.052000 0.050000
14090001 0.042000 0.054000
14100001 0.043000 0.050000
14110001 0.045000 0.073000
14120001 0.041000 0.047000
14130001 0.042000 0.049000
14140001 0.055000 0.048000
14150001 0.041000 0.052000
14160001 0.048000 0.055000
14170001 0.042000 0.051000
14180001 0.043000 0.052000
14190001 0.040000 0.049000
14200001 0.061000 0.048000
14210001 0.041000 0.068000
14220001 0.050000 0.069000
14230001 0.041000 0.051000
14240001 0.041000 0.048000
14250001 0.042000 0.048000
14260001 0.058000 0.050000
14270001 0.041000 0.052000
14280001 0.039000 0.047000
14290001 0.043000 0.053000
14300001 0.052000 0.050000
14310001 0.045000 0.082000
14320001 0.052000 0.047000
14330001 0.042000 0.048000
14340001 0.041000 0.049000
14350001 0.042000 0.055000
14360001 0.041000 0.052000
14370001 0.049000 0.056000
14380001 0.050000 0.047000
14390001 0.041000 0.053000
14400001 0.042000 0.052000
14410001 0.040000 0.047000
14420001 0.040000 0.048000
14430001 0.046000 0.050000
14440001 0.055000 0.050000
14450001 0.041000 0.052000
14460001 0.043000 0.090000
14470001 0.045000 0.050000
14480001 0.043000 0.050000
14490001 0.041000 0.051000
14500001 0.067000 0.048000
14510001 0.047000 0.050000
14520001 0.045000 0.052000
14530001 0.043000 0.051000
14540001 0.045000 0.050000
14550001 0.042000 0.051000
14560001 0.054000 0.050000
14570001 0.043000 0.053000
14580001 0.043000 0.052000
14590001 0.043000 0.051000
14600001 0.043000 0.051000
14610001 0.044000 0.051000
14620001 0.055000 0.051000
14630001 0.043000 0.049000
14640001 0.059000 0.055000
14650001 0.044000 0.050000
14660001 0.044000 0.053000
14670001 0.044000 0.051000
14680001 0.041000 0.054000
14690001 0.044000 0.050000
14700001 0.043000 0.050000
14710001 0.043000 0.051000
14720001 0.045000 0.050000
14730001 0.043000 0.051000
14740001 0.044000 0.055000
14750001 0.045000 0.051000
14760001 0.042000 0.051000
14770001 0.047000 0.055000
14780001 0.044000 0.051000
14790001 0.044000 0.088000
14800001 0.043000 0.052000
14810001 0.045000 0.052000
14820001 0.044000 0.051000
14830001 0.043000 0.051000
14840001 0.043000 0.052000
14850001 0.043000 0.065000
14860001 0.041000 0.053000
14870001 0.045000 0.070000
14880001 0.042000 0.050000
14890001 0.044000 0.052000
14900001 0.045000 0.054000
14910001 0.057000 0.050000
14920001 0.086000 0.067000
14930001 0.045000 0.054000
14940001 0.045000 0.078000
14950001 0.043000 0.055000
14960001 0.046000 0.057000
14970001 0.043000 0.054000
14980001 0.046000 0.053000
14990001 0.047000 0.054000
15000001 0.046000 0.053000
15010001 0.046000 0.056000
15020001 0.044000 0.091000
15030001 0.045000 0.056000
15040001 0.043000 0.051000
15050001 0.046000 0.052000
15060001 0.045000 0.051000
15070001 0.045000 0.057000
15080001 0.045000 0.065000
15090001 0.047000 0.057000
15100001 0.048000 0.052000
15110001 0.046000 0.054000
15120001 0.045000 0.054000
15130001 0.046000 0.053000
15140001 0.063000 0.051000
15150001 0.046000 0.053000
15160001 0.044000 0.052000
15170001 0.045000 0.051000
15180001 0.044000 0.051000
15190001 0.043000 0.053000
15200001 0.044000 0.053000
15210001 0.045000 0.053000
15220001 0.044000 0.052000
15230001 0.045000 0.052000
15240001 0.045000 0.052000
15250001 0.044000 0.091000
15260001 0.044000 0.053000
15270001 0.045000 0.052000
15280001 0.044000 0.053000
15290001 0.045000 0.051000
15300001 0.045000 0.056000
15310001 0.057000 0.051000
15320001 0.045000 0.051000
15330001 0.043000 0.053000
15340001 0.046000 0.052000
15350001 0.046000 0.053000
15360001 0.047000 0.073000
15370001 0.045000 0.053000
15380001 0.046000 0.052000
15390001 0.044000 0.053000
15400001 0.044000 0.053000
15410001 0.044000 0.052000
15420001 0.058000 0.051000
15430001 0.045000 0.053000
15440001 0.045000 0.055000
15450001 0.046000 0.052000
15460001 0.045000 0.055000
15470001 0.046000 0.126000
15480001 0.045000 0.053000
15490001 0.044000 0.054000
15500001 0.045000 0.053000
15510001 0.045000 0.053000
15520001 0.045000 0.052000
15530001 0.057000 0.054000
15540001 0.045000 0.053000
15550001 0.047000 0.054000
15560001 0.047000 0.052000
15570001 0.046000 0.052000
15580001 0.044000 0.076000
15590001 0.046000 0.052000
15600001 0.046000 0.054000
15610001 0.047000 0.054000
15620001 0.047000 0.056000
15630001 0.047000 0.052000
15640001 0.059000 0.053000
15650001 0.046000 0.052000
15660001 0.046000 0.055000
15670001 0.045000 0.054000
15680001 0.047000 0.053000
15690001 0.045000 0.097000
15700001 0.046000 0.054000
15710001 0.046000 0.053000
15720001 0.046000 0.058000
15730001 0.045000 0.051000
15740001 0.045000 0.054000
15750001 0.058000 0.053000
15760001 0.045000 0.054000
15770001 0.047000 0.054000
15780001 0.046000 0.053000
15790001 0.047000 0.052000
15800001 0.046000 0.079000
15810001 0.045000 0.055000
15820001 0.045000 0.055000
15830001 0.047000 0.054000
15840001 0.046000 0.054000
15850001 0.046000 0.056000
15860001 0.059000 0.054000
15870001 0.048000 0.054000
15880001 0.045000 0.054000
15890001 0.047000 0.054000
15900001 0.047000 0.054000
15910001 0.047000 0.096000
15920001 0.048000 0.054000
15930001 0.047000 0.053000
15940001 0.047000 0.055000
15950001 0.046000 0.055000
15960001 0.047000 0.056000
15970001 0.046000 0.055000
15980001 0.047000 0.055000
15990001 0.049000 0.054000
16000001 0.047000 0.055000
16010001 0.049000 0.055000
16020001 0.047000 0.066000
16030001 0.046000 0.055000
16040001 0.047000 0.057000
16050001 0.046000 0.055000
16060001 0.046000 0.056000
16070001 0.047000 0.078000
16080001 0.046000 0.055000
16090001 0.047000 0.055000
16100001 0.047000 0.055000
16110001 0.048000 0.058000
16120001 0.047000 0.055000
16130001 0.048000 0.055000
16140001 0.047000 0.054000
16150001 0.048000 0.055000
16160001 0.048000 0.054000
16170001 0.046000 0.055000
16180001 0.047000 0.080000
16190001 0.048000 0.055000
16200001 0.046000 0.057000
16210001 0.047000 0.056000
16220001 0.048000 0.055000
16230001 0.048000 0.079000
16240001 0.047000 0.055000
16250001 0.047000 0.056000
16260001 0.047000 0.055000
16270001 0.048000 0.054000
16280001 0.047000 0.059000
16290001 0.047000 0.055000
16300001 0.047000 0.056000
16310001 0.049000 0.054000
16320001 0.048000 0.057000
16330001 0.048000 0.056000
16340001 0.059000 0.055000
16350001 0.048000 0.056000
16360001 0.048000 0.055000
16370001 0.047000 0.056000
16380001 0.048000 0.054000
16390001 0.048000 0.067000
16400001 0.048000 0.056000
16410001 0.047000 0.057000
16420001 0.047000 0.059000
16430001 0.047000 0.057000
16440001 0.049000 0.098000
16450001 0.048000 0.056000
16460001 0.048000 0.057000
16470001 0.048000 0.055000
16480001 0.048000 0.057000
16490001 0.047000 0.056000
16500001 0.048000 0.055000
16510001 0.047000 0.057000
16520001 0.049000 0.059000
16530001 0.048000 0.056000
16540001 0.048000 0.056000
16550001 0.062000 0.058000
16560001 0.049000 0.057000
16570001 0.048000 0.058000
16580001 0.048000 0.055000
16590001 0.048000 0.058000
16600001 0.048000 0.070000
16610001 0.048000 0.056000
16620001 0.048000 0.058000
16630001 0.054000 0.057000
16640001 0.049000 0.057000
16650001 0.048000 0.081000
16660001 0.049000 0.057000
16670001 0.047000 0.057000
16680001 0.049000 0.057000
16690001 0.049000 0.061000
16700001 0.048000 0.058000
16710001 0.048000 0.057000
16720001 0.049000 0.057000
16730001 0.050000 0.056000
16740001 0.049000 0.058000
16750001 0.049000 0.055000
16760001 0.050000 0.057000
16770001 0.048000 0.056000
16780001 0.049000 0.057000
16790001 0.049000 0.057000
16800001 0.049000 0.057000
16810001 0.074000 0.057000
16820001 0.050000 0.057000
16830001 0.049000 0.057000
16840001 0.048000 0.060000
16850001 0.049000 0.056000
16860001 0.063000 0.056000
16870001 0.048000 0.058000
16880001 0.049000 0.058000
16890001 0.050000 0.059000
16900001 0.049000 0.058000
16910001 0.061000 0.058000
16920001 0.049000 0.058000
16930001 0.050000 0.059000
16940001 0.050000 0.058000
16950001 0.050000 0.057000
16960001 0.065000 0.058000
16970001 0.049000 0.059000
16980001 0.049000 0.059000
16990001 0.050000 0.059000
17000001 0.049000 0.058000
17010001 0.062000 0.058000
17020001 0.050000 0.058000
17030001 0.049000 0.058000
17040001 0.049000 0.058000
17050001 0.049000 0.058000
17060001 0.064000 0.060000
17070001 0.050000 0.059000
17080001 0.049000 0.059000
17090001 0.050000 0.060000
17100001 0.049000 0.059000
17110001 0.075000 0.057000
17120001 0.049000 0.058000
17130001 0.051000 0.058000
17140001 0.050000 0.059000
17150001 0.049000 0.059000
17160001 0.062000 0.059000
17170001 0.050000 0.058000
17180001 0.049000 0.059000
17190001 0.050000 0.058000
17200001 0.049000 0.059000
17210001 0.063000 0.060000
17220001 0.050000 0.061000
17230001 0.050000 0.059000
17240001 0.050000 0.058000
17250001 0.050000 0.059000
17260001 0.063000 0.058000
17270001 0.051000 0.058000
17280001 0.051000 0.060000
17290001 0.051000 0.058000
17300001 0.050000 0.059000
17310001 0.063000 0.058000
17320001 0.051000 0.059000
17330001 0.050000 0.060000
17340001 0.050000 0.059000
17350001 0.051000 0.060000
17360001 0.064000 0.059000
17370001 0.051000 0.060000
17380001 0.050000 0.060000
17390001 0.051000 0.058000
17400001 0.050000 0.062000
17410001 0.075000 0.059000
17420001 0.051000 0.059000
17430001 0.052000 0.059000
17440001 0.050000 0.059000
17450001 0.051000 0.059000
17460001 0.065000 0.060000
17470001 0.051000 0.060000
17480001 0.051000 0.063000
17490001 0.050000 0.061000
17500001 0.050000 0.060000
17510001 0.065000 0.060000
17520001 0.050000 0.060000
17530001 0.051000 0.059000
17540001 0.052000 0.059000
17550001 0.052000 0.060000
17560001 0.051000 0.061000
17570001 0.051000 0.059000
17580001 0.052000 0.058000
17590001 0.050000 0.061000
17600001 0.052000 0.061000
17610001 0.053000 0.061000
17620001 0.051000 0.061000
17630001 0.052000 0.061000
17640001 0.052000 0.062000
17650001 0.052000 0.106000
17660001 0.053000 0.059000
17670001 0.052000 0.061000
17680001 0.051000 0.059000
17690001 0.052000 0.060000
17700001 0.052000 0.075000
17710001 0.052000 0.059000
17720001 0.053000 0.061000
17730001 0.051000 0.062000
17740001 0.052000 0.062000
17750001 0.066000 0.060000
17760001 0.051000 0.061000
17770001 0.051000 0.060000
17780001 0.052000 0.060000
17790001 0.052000 0.061000
17800001 0.054000 0.060000
17810001 0.053000 0.059000
17820001 0.052000 0.062000
17830001 0.052000 0.060000
17840001 0.051000 0.061000
17850001 0.051000 0.061000
17860001 0.052000 0.064000
17870001 0.053000 0.061000
17880001 0.053000 0.059000
17890001 0.053000 0.085000
17900001 0.053000 0.062000
17910001 0.054000 0.059000
17920001 0.053000 0.061000
17930001 0.053000 0.060000
17940001 0.052000 0.095000
17950001 0.053000 0.061000
17960001 0.053000 0.060000
17970001 0.053000 0.061000
17980001 0.055000 0.062000
17990001 0.063000 0.060000
18000001 0.052000 0.061000
18010001 0.053000 0.062000
18020001 0.052000 0.062000
18030001 0.053000 0.062000
18040001 0.052000 0.061000
18050001 0.052000 0.062000
18060001 0.053000 0.061000
18070001 0.053000 0.062000
18080001 0.054000 0.089000
18090001 0.053000 0.061000
18100001 0.052000 0.064000
18110001 0.050000 0.062000
18120001 0.054000 0.062000
18130001 0.053000 0.076000
18140001 0.054000 0.062000
18150001 0.052000 0.062000
18160001 0.053000 0.063000
18170001 0.052000 0.063000
18180001 0.068000 0.061000
18190001 0.054000 0.062000
18200001 0.054000 0.062000
18210001 0.054000 0.062000
18220001 0.055000 0.061000
18230001 0.053000 0.063000
18240001 0.053000 0.061000
18250001 0.054000 0.064000
18260001 0.053000 0.063000
18270001 0.053000 0.123000
18280001 0.054000 0.062000
18290001 0.053000 0.063000
18300001 0.053000 0.064000
18310001 0.053000 0.062000
18320001 0.054000 0.078000
18330001 0.053000 0.064000
18340001 0.054000 0.062000
18350001 0.055000 0.062000
18360001 0.054000 0.061000
18370001 0.068000 0.062000
18380001 0.053000 0.063000
18390001 0.053000 0.064000
18400001 0.054000 0.063000
18410001 0.053000 0.064000
18420001 0.054000 0.062000
18430001 0.055000 0.063000
18440001 0.054000 0.065000
18450001 0.055000 0.062000
18460001 0.054000 0.088000
18470001 0.051000 0.059000
18480001 0.051000 0.059000
18490001 0.051000 0.059000
18500001 0.052000 0.061000
18510001 0.067000 0.059000
18520001 0.050000 0.059000
18530001 0.054000 0.063000
18540001 0.054000 0.063000
18550001 0.054000 0.144000
18560001 0.053000 0.066000
18570001 0.054000 0.064000
18580001 0.055000 0.062000
18590001 0.055000 0.068000
18600001 0.069000 0.064000
18610001 0.054000 0.063000
18620001 0.055000 0.063000
18630001 0.055000 0.065000
18640001 0.055000 0.090000
18650001 0.055000 0.063000
18660001 0.055000 0.063000
18670001 0.054000 0.064000
18680001 0.055000 0.064000
18690001 0.068000 0.065000
18700001 0.055000 0.065000
18710001 0.055000 0.064000
18720001 0.054000 0.064000
18730001 0.055000 0.112000
18740001 0.055000 0.065000
18750001 0.054000 0.064000
18760001 0.055000 0.062000
18770001 0.055000 0.064000
18780001 0.069000 0.064000
18790001 0.056000 0.064000
18800001 0.054000 0.064000
18810001 0.055000 0.064000
18820001 0.055000 0.092000
18830001 0.055000 0.066000
18840001 0.055000 0.067000
18850001 0.055000 0.064000
18860001 0.056000 0.066000
18870001 0.072000 0.064000
18880001 0.055000 0.065000
18890001 0.056000 0.064000
18900001 0.057000 0.064000
18910001 0.056000 0.110000
18920001 0.056000 0.064000
18930001 0.055000 0.064000
18940001 0.055000 0.065000
18950001 0.056000 0.066000
18960001 0.071000 0.065000
18970001 0.054000 0.064000
18980001 0.056000 0.064000
18990001 0.057000 0.065000
19000001 0.055000 0.091000
19010001 0.055000 0.065000
19020001 0.056000 0.064000
19030001 0.056000 0.064000
19040001 0.056000 0.064000
19050001 0.070000 0.068000
19060001 0.057000 0.064000
19070001 0.056000 0.065000
19080001 0.056000 0.065000
19090001 0.055000 0.112000
19100001 0.056000 0.065000
19110001 0.057000 0.065000
19120001 0.055000 0.068000
19130001 0.061000 0.064000
19140001 0.070000 0.065000
19150001 0.055000 0.066000
19160001 0.056000 0.065000
19170001 0.056000 0.065000
19180001 0.056000 0.094000
19190001 0.055000 0.065000
19200001 0.057000 0.064000
19210001 0.057000 0.065000
19220001 0.057000 0.066000
19230001 0.070000 0.065000
19240001 0.056000 0.067000
19250001 0.056000 0.066000
19260001 0.057000 0.067000
19270001 0.057000 0.114000
19280001 0.056000 0.065000
19290001 0.058000 0.064000
19300001 0.056000 0.064000
19310001 0.057000 0.064000
19320001 0.071000 0.068000
19330001 0.057000 0.065000
19340001 0.057000 0.065000
19350001 0.057000 0.065000
19360001 0.057000 0.094000
19370001 0.056000 0.065000
19380001 0.056000 0.067000
19390001 0.058000 0.066000
19400001 0.057000 0.066000
19410001 0.072000 0.066000
19420001 0.057000 0.066000
19430001 0.056000 0.067000
19440001 0.057000 0.067000
19450001 0.057000 0.115000
19460001 0.058000 0.066000
19470001 0.056000 0.067000
19480001 0.056000 0.067000
19490001 0.059000 0.066000
19500001 0.056000 0.067000
19510001 0.056000 0.066000
19520001 0.056000 0.069000
19530001 0.057000 0.066000
19540001 0.057000 0.080000
19550001 0.058000 0.068000
19560001 0.058000 0.067000
19570001 0.058000 0.068000
19580001 0.057000 0.096000
19590001 0.056000 0.067000
19600001 0.057000 0.066000
19610001 0.058000 0.066000
19620001 0.058000 0.067000
19630001 0.057000 0.067000
19640001 0.058000 0.067000
19650001 0.057000 0.066000
19660001 0.060000 0.068000
19670001 0.057000 0.082000
19680001 0.059000 0.069000
19690001 0.057000 0.068000
19700001 0.057000 0.068000
19710001 0.059000 0.129000
19720001 0.057000 0.068000
19730001 0.057000 0.066000
19740001 0.058000 0.070000
19750001 0.060000 0.067000
19760001 0.057000 0.068000
19770001 0.057000 0.067000
19780001 0.057000 0.069000
19790001 0.056000 0.069000
19800001 0.057000 0.084000
19810001 0.058000 0.068000
19820001 0.057000 0.068000
19830001 0.057000 0.067000
19840001 0.060000 0.097000
19850001 0.057000 0.068000
19860001 0.058000 0.071000
19870001 0.059000 0.067000
19880001 0.058000 0.067000
19890001 0.057000 0.069000
19900001 0.057000 0.067000
19910001 0.057000 0.069000
19920001 0.060000 0.067000
19930001 0.058000 0.084000
19940001 0.059000 0.068000
19950001 0.058000 0.068000
19960001 0.058000 0.068000
19970001 0.060000 0.123000
19980001 0.057000 0.068000
19990001 0.058000 0.067000
