1 0.000877 0.000292
10001 0.000584 0.293699
20001 0.000584 0.370558
30001 0.009060 0.297498
40001 0.000585 0.455890
50001 0.000584 0.259507
60001 0.000877 0.308311
70001 0.000293 0.345425
80001 0.000585 0.395105
90001 0.000292 0.576001
100001 0.000876 0.579507
110001 0.000585 0.546484
120001 0.000584 0.628603
130001 0.000585 0.803653
140001 0.000877 0.728549
150001 0.000876 1.488658
160001 0.001169 0.876420
170001 0.001169 0.879051
180001 0.000876 0.933115
190001 0.000293 0.960585
200001 0.000877 1.054978
210001 0.000876 1.078648
220001 0.000876 1.114302
230001 0.000585 1.175087
240001 0.000584 1.229736
250001 0.000877 1.274448
260001 0.000585 1.652604
270001 0.001169 1.518466
280001 0.000877 1.513206
290001 0.000584 1.834374
300001 0.000877 1.663708
310001 0.001169 1.688549
320001 0.001461 1.795800
330001 0.001461 1.810412
340001 0.001169 1.874412
350001 0.001169 1.920292
360001 0.000877 2.042156
370001 0.000877 2.157297
380001 0.001169 2.618448
390001 0.000877 2.196457
400001 0.000584 2.311599
410001 0.000877 2.422065
420001 0.001461 2.608220
430001 0.001169 2.512951
440001 0.001169 2.482265
450001 0.000876 2.881169
460001 0.001169 2.539836
470001 0.000877 2.583379
480001 0.001169 2.595361
490001 0.001461 2.913900
500001 0.001169 3.221043
510001 0.001462 2.703490
520001 0.001169 2.851946
530001 0.001169 2.934357
540001 0.001169 2.925298
550001 0.001461 3.044530
560001 0.001169 3.061480
570001 0.001169 3.610595
580001 0.000876 3.113498
590001 0.001461 3.212859
600001 0.001169 3.622284
610001 0.001169 4.350832
620001 0.001169 3.412458
630001 0.001461 3.312804
640001 0.000876 3.377681
650001 0.001461 3.689791
660001 0.001169 3.609718
670001 0.001461 3.997809
680001 0.001169 3.708202
690001 0.001169 4.327161
700001 0.001461 4.822504
710001 0.000877 4.391161
720001 0.001461 4.351124
730001 0.001169 4.456038
740001 0.002046 4.027617
750001 0.001754 5.029116
760001 0.001754 4.647161
770001 0.001754 4.242997
780001 0.001169 4.836823
790001 0.001461 4.472403
800001 0.001461 4.246795
810001 0.001169 4.527344
820001 0.001461 4.329499
830001 0.001169 5.095453
840001 0.001754 4.607417
850001 0.001753 4.861371
860001 0.001169 5.824294
870001 0.001461 5.669700
880001 0.001169 5.201243
890001 0.001462 5.027947
900001 0.001461 5.455783
910001 0.001169 5.459581
920001 0.001461 4.917189
930001 0.001169 5.375709
940001 0.001169 5.212933
950001 0.001753 5.230467
960001 0.001461 5.394413
970001 0.001462 5.159161
980001 0.001461 6.129097
990001 0.001754 5.444093
1000001 0.001461 5.766431
1010001 0.002046 6.987691
1020001 0.001461 5.560988
1030001 0.001753 5.427143
1040001 0.001169 6.059837
1050001 0.002046 6.219983
1060001 0.001753 6.269956
1070001 0.001461 6.498778
1080001 0.001461 6.254760
1090001 0.001753 6.228166
1100001 0.001754 5.947911
1110001 0.001462 6.184039
1120001 0.001461 5.960769
1130001 0.001169 6.222029
1140001 0.001754 6.661263
1150001 0.001461 6.669153
1160001 0.002631 6.892422
1170001 0.001461 6.532093
1180001 0.001168 6.766176
1190001 0.001461 6.825207
1200001 0.001461 6.878395
1210001 0.002338 6.482997
1220001 0.001753 7.117737
1230001 0.001462 6.518651
1240001 0.001754 6.627947
1250001 0.002046 6.881317
1260001 0.001461 7.182614
1270001 0.001169 7.452934
1280001 0.002337 7.110431
1290001 0.001169 7.414358
1300001 0.001461 7.052861
1310001 0.001169 7.400916
1320001 0.001461 7.293664
1330001 0.001461 7.224696
1340001 0.001462 7.684678
1350001 0.002046 7.919345
1360001 0.001461 7.246614
1370001 0.001753 7.405299
1380001 0.001461 7.554632
1390001 0.001753 8.050267
1400001 0.001169 7.391564
1410001 0.001753 8.255418
1420001 0.001461 7.654870
1430001 0.001461 8.088551
1440001 0.001754 7.828459
1450001 0.002046 8.186743
1460001 0.001754 8.294578
1470001 0.001462 7.896843
1480001 0.001461 8.073938
1490001 0.001461 8.153135
1500001 0.001461 8.706048
1510001 0.001462 9.371473
1520001 0.001461 8.466705
1530001 0.001753 9.022250
1540001 0.001461 10.663163
1550001 0.001461 9.654359
1560001 0.001753 9.797847
1570001 0.001461 8.600258
1580001 0.001753 8.968185
1590001 0.001753 8.899802
1600001 0.002046 8.455017
1610001 0.001169 8.809792
1620001 0.001753 9.411217
1630001 0.001753 9.700240
1640001 0.001754 9.132715
1650001 0.001461 9.326761
1660001 0.001461 9.769501
1670001 0.001169 9.438688
1680001 0.001753 9.536587
1690001 0.001461 9.152879
1700001 0.002046 9.643254
1710001 0.001754 9.327345
1720001 0.002046 9.470250
1730001 0.001461 9.294615
1740001 0.001169 10.332058
1750001 0.001461 11.493118
1760001 0.003506 10.033683
1770001 0.001753 9.294322
1780001 0.002046 9.522560
1790001 0.001169 10.086286
1800001 0.001753 9.775053
1810001 0.001461 10.208149
1820001 0.002046 10.240879
1830001 0.002046 9.940167
1840001 0.001754 10.590981
1850001 0.001461 10.389044
1860001 0.001461 9.986049
1870001 0.001754 9.868276
1880001 0.001461 11.872150
1890001 0.001754 10.946049
1900001 0.001754 11.200880
1910001 0.001461 10.457428
1920001 0.001754 11.158798
1930001 0.002045 10.721903
1940001 0.001169 10.520551
1950001 0.001753 10.784734
1960001 0.001754 10.521428
1970001 0.001462 11.335602
1980001 0.001754 11.006542
1990001 0.001461 10.955401
2000001 0.001753 10.891108
2010001 0.001461 12.263748
2020001 0.002046 11.404862
2030001 0.002046 11.657063
2040001 0.001169 10.950141
2050001 0.001753 10.770414
2060001 0.001461 11.766068
2070001 0.001461 11.863674
2080001 0.001461 12.228972
2090001 0.001461 13.600150
2100001 0.001461 12.848808
2110001 0.001461 12.204423
2120001 0.001461 11.477922
2130001 0.002045 11.825976
2140001 0.001462 12.160004
2150001 0.002046 12.176076
2160001 0.001461 12.484388
2170001 0.002045 11.655309
2180001 0.002046 12.021190
2190001 0.001461 12.065319
2200001 0.001169 12.625245
2210001 0.002338 12.733081
2220001 0.002045 11.825976
2230001 0.001754 12.355510
2240001 0.001461 12.151236
2250001 0.002046 12.384734
2260001 0.002338 12.915437
2270001 0.001461 12.803511
2280001 0.001462 13.123803
2290001 0.001461 14.056041
2300001 0.002045 12.222835
2310001 0.001461 12.455456
2320001 0.002630 14.448808
2330001 0.001461 12.911638
2340001 0.001462 12.522378
2350001 0.001169 13.759419
2360001 0.001169 13.815822
2370001 0.001754 13.052789
2380001 0.002045 12.709995
2390001 0.002338 12.533483
2400001 0.001753 13.092241
2410001 0.001462 13.816406
2420001 0.001461 14.437119
2430001 0.001461 13.959894
2440001 0.001461 13.986781
2450001 0.001461 14.331328
2460001 0.001461 13.807347
2470001 0.001461 13.050159
2480001 0.002046 13.217027
2490001 0.001753 14.585283
2500001 0.001753 14.245703
2510001 0.001461 15.016625
2520001 0.001461 13.672625
2530001 0.001754 13.955511
2540001 0.002046 14.748644
2550001 0.002338 13.458707
2560001 0.001461 14.148972
2570001 0.001753 14.534726
2580001 0.001461 14.875475
2590001 0.001461 14.448808
2600001 0.002045 15.031821
2610001 0.001753 15.559895
2620001 0.001461 15.245739
2630001 0.001753 13.936516
2640001 0.002338 14.122671
2650001 0.001462 14.761210
2660001 0.001754 16.060206
2670001 0.001461 15.176772
2680001 0.001462 14.817612
2690001 0.002045 15.052863
2700001 0.001461 14.834561
2710001 0.001753 14.603401
2720001 0.002046 17.156681
2730001 0.001462 14.525959
2740001 0.002046 14.826379
2750001 0.001462 15.138489
2760001 0.002045 16.316498
2770001 0.001169 16.582726
2780001 0.001753 16.137064
2790001 0.002630 14.811767
2800001 0.001461 15.133812
2810001 0.001461 15.465794
2820001 0.001462 16.646726
2830001 0.001461 17.526361
2840001 0.001169 15.140242
2850001 0.001461 16.018123
2860001 0.001753 16.831420
2870001 0.001461 16.243146
2880001 0.001461 15.479237
2890001 0.001461 15.285484
2900001 0.002338 16.474306
2910001 0.001754 21.243623
2920001 0.002046 16.753393
2930001 0.001754 16.670690
2940001 0.001754 16.713357
2950001 0.001754 16.216261
2960001 0.002046 17.346051
2970001 0.002630 16.904772
2980001 0.001461 16.910325
2990001 0.001462 17.311567
3000001 0.001754 17.749631
3010001 0.001461 17.102325
3020001 0.002045 16.734982
3030001 0.001753 17.878216
3040001 0.001753 16.169210
3050001 0.001754 17.187658
3060001 0.001461 17.470252
3070001 0.001462 17.425247
3080001 0.002046 17.239968
3090001 0.002046 17.310982
3100001 0.001462 17.864773
3110001 0.001754 17.390763
3120001 0.002046 16.550580
3130001 0.002045 18.356900
3140001 0.002046 17.845777
3150001 0.001753 17.379366
3160001 0.001754 18.346672
3170001 0.001461 18.038946
3180001 0.001753 17.124242
3190001 0.001462 17.903932
3200001 0.001753 17.145576
3210001 0.002630 18.615531
3220001 0.001753 19.138344
3230001 0.002045 18.533119
3240001 0.001461 18.349302
3250001 0.001754 18.242928
3260001 0.001754 18.754343
3270001 0.001462 18.583677
3280001 0.002631 17.583055
3290001 0.014028 18.314819
3300001 0.001461 18.812499
3310001 0.002338 18.714599
3320001 0.002631 18.545979
3330001 0.001753 18.181850
3340001 0.013735 19.087787
3350001 0.001462 20.337979
3360001 0.002338 18.154965
3370001 0.002046 18.377942
3380001 0.001753 18.979366
3390001 0.002045 18.505942
3400001 0.002045 18.181266
3410001 0.002045 18.909522
3420001 0.002046 20.189814
3430001 0.001754 20.541083
3440001 0.002046 18.609394
3450001 0.002046 19.162015
3460001 0.002046 19.960992
3470001 0.001753 19.628718
3480001 0.001753 19.899330
3490001 0.001462 19.648298
3500001 0.002046 19.454544
3510001 0.002046 19.106781
3520001 0.002045 18.562635
3530001 0.002046 20.031714
3540001 0.001754 19.856078
3550001 0.002338 24.465249
3560001 0.002046 19.511238
3570001 0.001461 19.595403
3580001 0.001461 20.139549
3590001 0.001461 20.434709
3600001 0.002338 19.249101
3610001 0.001753 19.387329
3620001 0.002046 20.770197
3630001 0.001754 21.301778
3640001 0.002046 19.591020
3650001 0.002046 19.864554
3660001 0.001753 20.595439
3670001 0.001462 20.367203
3680001 0.002045 19.442271
3690001 0.002045 21.702728
3700001 0.001461 21.405230
3710001 0.001753 21.048115
3720001 0.002046 21.331294
3730001 0.002338 20.836828
3740001 0.001461 20.954892
3750001 0.002046 21.109778
3760001 0.002338 20.088407
3770001 0.002045 21.190727
3780001 0.001753 21.359056
3790001 0.002046 21.103641
3800001 0.002046 22.016006
3810001 0.001169 21.215275
3820001 0.002045 21.739550
3830001 0.002046 20.442891
3840001 0.002046 21.378051
3850001 0.002046 20.313139
3860001 0.002631 22.077377
3870001 0.001754 22.204207
3880001 0.001461 23.427513
3890001 0.001461 20.911056
3900001 0.002046 21.977139
3910001 0.002338 22.291878
3920001 0.002045 21.764975
3930001 0.002338 20.707952
3940001 0.002045 21.745979
3950001 0.002046 22.444719
3960001 0.002630 22.454363
3970001 0.001461 22.281651
3980001 0.001753 23.404427
3990001 0.001753 22.102509
4000001 0.002046 21.688993
4010001 0.002045 21.222289
4020001 0.001461 22.366984
4030001 0.001754 22.454655
4040001 0.001461 22.537650
4050001 0.001461 23.306235
4060001 0.001461 23.393321
4070001 0.001754 23.649906
4080001 0.001461 23.505541
4090001 0.002045 21.442929
4100001 0.009352 22.957888
4110001 0.002338 22.623568
4120001 0.001461 23.354162
4130001 0.002046 24.584482
4140001 0.001754 24.170382
4150001 0.001754 23.800117
4160001 0.002922 23.674455
4170001 0.003215 23.450308
4180001 0.001754 23.190802
4190001 0.001753 23.857687
4200001 0.002046 24.854218
4210001 0.001754 24.084171
4220001 0.002045 23.473395
4230001 0.001754 23.293668
4240001 0.002922 24.687058
4250001 0.001753 24.137651
4260001 0.002338 22.451148
4270001 0.001754 23.221779
4280001 0.001754 26.131879
4290001 0.001753 22.947952
4300001 0.002046 24.631825
4310001 0.001753 24.089724
4320001 0.002338 24.636793
4330001 0.001753 24.500317
4340001 0.002045 23.026564
4350001 0.001754 25.490419
4360001 0.002046 23.801870
4370001 0.001461 24.828500
4380001 0.001461 25.889030
4390001 0.002046 24.906528
4400001 0.001461 24.604939
4410001 0.001754 24.971989
4420001 0.002046 23.066016
4430001 0.002046 24.736446
4440001 0.001753 25.269487
4450001 0.002631 24.551751
4460001 0.002630 25.806035
4470001 0.001461 25.172172
4480001 0.002046 24.709852
4490001 0.002045 29.384191
4500001 0.001461 25.114894
4510001 0.002046 24.609030
4520001 0.001461 25.627770
4530001 0.001754 24.950655
4540001 0.001754 25.446876
4550001 0.001754 26.043625
4560001 0.001754 25.243186
4570001 0.001754 27.277450
4580001 0.002630 25.312738
4590001 0.002046 24.460573
4600001 0.002338 26.806071
4610001 0.001753 25.945140
4620001 0.001461 25.380245
4630001 0.001754 25.974072
4640001 0.002338 26.819807
4650001 0.001461 26.484903
4660001 0.002338 24.338126
4670001 0.002046 26.927935
4680001 0.001753 25.811003
4690001 0.001754 26.648556
4700001 0.001461 26.177761
4710001 0.002046 26.614656
4720001 0.001462 26.688300
4730001 0.001754 27.055351
4740001 0.002337 25.624263
4750001 0.002045 26.268647
4760001 0.001753 26.564392
4770001 0.001754 28.306127
4780001 0.002046 25.837305
4790001 0.001753 26.778017
4800001 0.001753 26.029596
4810001 0.002046 25.097067
4820001 0.002338 27.423862
4830001 0.001753 27.301414
4840001 0.001753 27.218711
4850001 0.001753 26.979953
4860001 0.001753 28.461889
4870001 0.001461 27.463021
4880001 0.002046 25.673652
4890001 0.001461 27.026127
4900001 0.001753 27.117597
4910001 0.001753 27.752045
4920001 0.001754 27.524100
4930001 0.002630 28.160008
4940001 0.001461 27.540756
4950001 0.004383 25.951862
4960001 0.001753 28.001323
4970001 0.001754 27.947843
4980001 0.001461 28.252355
4990001 0.001754 27.555368
5000001 0.002338 28.707661
5010001 0.002922 30.228173
5020001 0.002338 27.674894
5030001 0.002338 27.545724
5040001 0.001753 27.962456
5050001 0.002337 27.931186
5060001 0.002046 28.026748
5070001 0.001754 28.644538
5080001 0.001461 29.060100
5090001 0.002045 26.666967
5100001 0.002046 28.207643
5110001 0.002045 29.394127
5120001 0.014612 28.623789
5130001 0.002046 28.806730
5140001 0.001461 28.820757
5150001 0.001461 29.426274
5160001 0.003507 28.732209
5170001 0.001754 31.379297
5180001 0.002630 29.742475
5190001 0.002046 29.398219
5200001 0.002046 28.372173
5210001 0.001461 28.975643
5220001 0.002338 28.959570
5230001 0.002046 27.525560
5240001 0.001754 30.106603
5250001 0.001753 29.238949
5260001 0.002046 29.632593
5270001 0.002046 29.608045
5280001 0.001754 27.604172
5290001 0.002338 28.556867
5300001 0.001461 29.431826
5310001 0.002045 28.929762
5320001 0.002046 29.694548
5330001 0.002046 29.746858
5340001 0.001753 29.759132
5350001 0.002922 29.175241
5360001 0.002337 29.603662
5370001 0.002045 29.229305
5380001 0.001753 30.411698
5390001 0.001169 30.191644
5400001 0.001753 30.485050
5410001 0.001754 29.595479
5420001 0.002338 30.068903
5430001 0.001754 31.110438
5440001 0.001753 31.493854
5450001 0.001753 33.863608
5460001 0.001754 29.914894
5470001 0.002338 29.142218
5480001 0.002338 30.065397
5490001 0.002046 30.761215
5500001 0.001753 31.658676
5510001 0.002338 31.451479
5520001 0.001754 30.663607
5530001 0.002045 28.858164
5540001 0.001753 29.833068
5550001 0.002046 31.163917
5560001 0.001754 30.947954
5570001 0.002046 31.284612
5580001 0.002338 31.284028
5590001 0.001753 30.013963
5600001 0.002338 30.735789
5610001 0.002045 30.591132
5620001 0.001461 32.640009
5630001 0.001753 31.486255
5640001 0.001754 31.110439
5650001 0.002922 30.676758
5660001 0.001754 31.095534
5670001 0.001754 31.295717
5680001 0.002046 32.663973
5690001 0.001754 31.397124
5700001 0.002046 30.836027
5710001 0.002338 30.785763
5720001 0.002630 31.804794
5730001 0.001753 31.680593
5740001 0.002046 32.171845
5750001 0.001753 32.383717
5760001 0.001753 32.316210
5770001 0.002338 31.868795
5780001 0.001754 31.471352
5790001 0.002630 33.581307
5800001 0.001754 32.702256
5810001 0.001753 32.791681
5820001 0.002046 30.281068
5830001 0.001461 32.056703
5840001 0.002045 32.629781
5850001 0.002630 32.920557
5860001 0.014904 32.786129
5870001 0.001754 32.009946
5880001 0.002338 31.287242
5890001 0.001754 32.607864
5900001 0.001754 32.730895
5910001 0.002631 34.151462
5920001 0.001461 32.885782
5930001 0.002338 31.004356
5940001 0.002338 32.612539
5950001 0.001461 33.406257
5960001 0.001753 34.406293
5970001 0.001461 32.870877
5980001 0.001753 33.495973
5990001 0.002922 31.593215
6000001 0.002046 33.916503
6010001 0.001754 32.787882
6020001 0.001461 34.085124
6030001 0.002630 33.468796
6040001 0.002046 31.424301
6050001 0.002046 34.150585
6060001 0.001754 32.983097
6070001 0.002045 34.633946
6080001 0.002046 36.000449
6090001 0.002337 33.296960
6100001 0.002046 33.474055
6110001 0.002046 34.236503
6120001 0.001753 34.958914
6130001 0.002046 34.832668
6140001 0.001754 33.391645
6150001 0.002630 32.190256
6160001 0.001754 33.694694
6170001 0.016658 33.911827
6180001 0.001753 34.674859
6190001 0.002338 33.322968
6200001 0.002338 32.123626
6210001 0.002631 34.579590
6220001 0.001461 34.778020
6230001 0.001754 34.832960
6240001 0.002046 34.503609
6250001 0.002338 32.386055
6260001 0.001462 34.847864
6270001 0.002046 34.658494
6280001 0.001753 34.517928
6290001 0.002922 35.013855
6300001 0.002046 32.718913
6310001 0.002046 34.849909
6320001 0.001753 34.983171
6330001 0.001753 35.178677
6340001 0.001461 35.676065
6350001 0.002631 33.038622
6360001 0.001753 35.965381
6370001 0.002046 35.526731
6380001 0.002046 35.232157
6390001 0.002338 35.445489
6400001 0.002630 33.239389
6410001 0.001754 35.938787
6420001 0.002046 35.712010
6430001 0.001462 36.538165
6440001 0.002338 34.712558
6450001 0.002046 34.161690
6460001 0.002046 35.164942
6470001 0.002338 36.593107
6480001 0.002045 36.995225
6490001 0.001462 36.244468
6500001 0.002046 35.020284
6510001 0.001753 34.829746
6520001 0.001753 36.844723
6530001 0.002045 36.294440
6540001 0.001753 36.163225
6550001 0.002337 37.068285
6560001 0.002630 35.867480
6570001 0.002046 36.420394
6580001 0.001754 36.434714
6590001 0.001753 34.142695
6600001 0.001753 36.581125
6610001 0.001461 37.305582
6620001 0.002338 37.578532
6630001 0.001461 36.477965
6640001 0.002338 36.069709
6650001 0.001754 36.570020
6660001 0.002337 37.926587
6670001 0.001753 36.392047
6680001 0.001753 34.573453
6690001 0.002045 37.635810
6700001 0.002338 37.086988
6710001 0.002045 37.084358
6720001 0.001753 37.268759
6730001 0.002630 36.241545
6740001 0.001753 37.070623
6750001 0.002046 38.198659
6760001 0.001461 37.140175
6770001 0.002630 35.350512
6780001 0.001753 37.206805
6790001 0.001754 37.969546
6800001 0.002338 38.364358
6810001 0.002046 37.568304
6820001 0.002630 36.425362
6830001 0.001754 37.972760
6840001 0.001753 36.472120
6850001 0.001753 37.240120
6860001 0.002630 35.976485
6870001 0.016073 38.154824
6880001 0.001753 38.579153
6890001 0.001462 37.967500
6900001 0.002338 35.853454
6910001 0.001461 38.145764
6920001 0.001753 38.495281
6930001 0.001462 38.340103
6940001 0.001754 39.253637
6950001 0.002046 36.184558
6960001 0.002046 39.034167
6970001 0.001461 38.423683
6980001 0.002631 42.816013
6990001 0.002922 38.191646
7000001 0.001461 38.697217
7010001 0.002046 39.630331
7020001 0.002337 39.035920
7030001 0.002045 36.658276
7040001 0.002338 38.113910
7050001 0.001753 39.429564
7060001 0.002045 39.473107
7070001 0.002046 36.688669
7080001 0.001753 41.244651
7090001 0.002045 38.949418
7100001 0.001754 38.887463
7110001 0.002338 39.215061
7120001 0.002046 40.640012
7130001 0.001753 39.271171
7140001 0.001753 39.243701
7150001 0.002630 39.045564
7160001 0.002338 38.319062
7170001 0.001754 39.359427
7180001 0.001754 39.581528
7190001 0.001461 39.670367
7200001 0.002631 38.177326
7210001 0.002046 39.708651
7220001 0.001753 39.557272
7230001 0.001753 37.380102
7240001 0.002338 38.793947
7250001 0.001461 39.999135
7260001 0.001754 40.993034
7270001 0.002630 38.253308
7280001 0.002046 40.647902
7290001 0.001753 40.915299
7300001 0.002046 40.300432
7310001 0.002630 39.437162
7320001 0.001754 40.815354
7330001 0.001461 41.077784
7340001 0.002046 40.495939
7350001 0.002046 39.490058
7360001 0.002046 40.955336
7370001 0.001754 40.753985
7380001 0.002045 38.191061
7390001 0.002046 41.610240
7400001 0.002338 41.453309
7410001 0.001461 40.990697
7420001 0.002338 39.358550
7430001 0.002630 40.827628
7440001 0.002045 40.979592
7450001 0.002046 41.335245
7460001 0.002631 40.987483
7470001 0.002337 41.524323
7480001 0.001461 41.769510
7490001 0.001753 41.722459
7500001 0.002923 42.696488
7510001 0.001754 41.555592
7520001 0.001754 41.936669
7530001 0.001753 39.533600
7540001 0.002045 41.846369
7550001 0.015197 42.075483
7560001 0.001461 41.497144
7570001 0.002046 41.777692
7580001 0.001753 41.161071
7590001 0.001753 42.090094
7600001 0.001753 39.086185
7610001 0.001753 42.003300
7620001 0.002337 46.355009
7630001 0.001461 42.358369
7640001 0.002338 41.424962
7650001 0.001753 42.027263
7660001 0.001462 43.523228
7670001 0.001753 41.794643
7680001 0.002338 43.204104
7690001 0.002338 42.506533
7700001 0.001753 42.422076
7710001 0.002338 40.388980
7720001 0.002338 42.320085
7730001 0.001754 43.226607
7740001 0.001461 41.537473
7750001 0.002045 42.806661
7760001 0.002046 45.456671
7770001 0.002338 42.688597
7780001 0.002338 40.631245
7790001 0.002046 43.484360
7800001 0.001461 42.717820
7810001 0.002046 43.114387
7820001 0.002338 43.013858
7830001 0.020457 44.605382
7840001 0.015196 43.066460
7850001 0.015196 40.739957
7860001 0.001168 42.629565
7870001 0.000877 43.600086
7880001 0.001169 43.120523
7890001 0.002046 41.713985
7900001 0.000877 43.664378
7910001 0.000877 44.546643
7920001 0.001753 41.437821
7930001 0.001169 43.275994
7940001 0.000877 44.026752
7950001 0.000877 43.607099
7960001 0.000877 44.633145
7970001 0.001169 44.536415
7980001 0.001169 45.864927
7990001 0.001169 42.443118
8000001 0.001169 43.828616
8010001 0.000876 45.428616
8020001 0.001169 43.796762
8030001 0.001462 44.266388
8040001 0.001461 43.551282
8050001 0.000876 44.200634
8060001 0.001754 43.235081
8070001 0.000877 44.462187
8080001 0.001169 45.217621
8090001 0.001753 41.986934
8100001 0.000876 45.523301
8110001 0.000877 45.810279
8120001 0.000877 45.091958
8130001 0.001461 43.454843
8140001 0.001169 45.713547
8150001 0.001169 45.876324
8160001 0.001461 42.907775
8170001 0.001753 44.951392
8180001 0.000877 46.001401
8190001 0.001753 42.518515
8200001 0.001169 45.235447
8210001 0.001461 46.155703
8220001 0.001169 45.487356
8230001 0.000876 45.132872
8240001 0.001169 45.841256
8250001 0.001169 45.475959
8260001 0.000876 46.577986
8270001 0.001461 48.481329
8280001 0.000877 45.708287
8290001 0.001461 45.496123
8300001 0.000877 46.277566
8310001 0.001461 43.197090
8320001 0.000876 44.931228
8330001 0.001169 45.850607
8340001 0.001461 43.994898
8350001 0.001753 45.725822
8360001 0.001169 46.053712
8370001 0.001461 45.168524
8380001 0.001169 48.485713
8390001 0.001169 47.154279
8400001 0.000877 46.141091
8410001 0.001461 46.729657
8420001 0.001461 43.831830
8430001 0.001169 46.827265
8440001 0.001169 47.504963
8450001 0.001461 44.521511
8460001 0.000877 46.384525
8470001 0.000877 46.943867
8480001 0.000877 45.828397
8490001 0.001461 46.069785
8500001 0.000877 46.940069
8510001 0.001461 46.513402
8520001 0.000876 46.464890
8530001 0.002046 44.456926
8540001 0.001169 48.953001
8550001 0.000876 47.287539
8560001 0.002046 45.215867
8570001 0.000877 48.036252
8580001 0.000877 47.357383
8590001 0.001754 44.801767
8600001 0.000877 49.593293
8610001 0.000876 48.867083
8620001 0.001461 47.158370
8630001 0.000877 47.313255
8640001 0.000877 44.716433
8650001 0.001169 47.059301
8660001 0.001169 47.907667
8670001 0.001461 46.361438
8680001 0.001169 45.944123
8690001 0.001461 48.261859
8700001 0.001461 48.122461
8710001 0.001169 49.623102
8720001 0.000877 48.934005
8730001 0.001461 50.271868
8740001 0.000876 48.669823
8750001 0.001169 45.995849
8760001 0.001461 48.035083
8770001 0.000876 49.296380
8780001 0.000876 46.832233
8790001 0.000877 47.764178
8800001 0.000876 48.996836
8810001 0.001461 48.336380
8820001 0.000877 51.730718
8830001 0.000877 51.694480
8840001 0.001461 48.864160
8850001 0.002630 48.693493
8860001 0.002045 46.932763
8870001 0.030101 48.908288
8880001 0.000876 50.046846
8890001 0.001754 47.740508
8900001 0.000877 49.577220
8910001 0.001461 49.849293
8920001 0.001169 49.650572
8930001 0.001169 49.087137
8940001 0.001461 47.987156
8950001 0.000877 48.682097
8960001 0.000877 50.973823
8970001 0.001462 49.546827
8980001 0.001461 49.622517
8990001 0.001169 49.513804
9000001 0.000877 49.577804
9010001 0.001169 50.991358
9020001 0.001461 47.563996
9030001 0.001461 50.917713
9040001 0.000877 49.833512
9050001 0.001754 50.413312
9060001 0.000877 51.426207
9070001 0.001754 47.503502
9080001 0.000877 50.056197
9090001 0.000877 50.934079
9100001 0.001169 49.504745
9110001 0.001169 50.303138
9120001 0.001168 49.441914
9130001 0.001461 48.601147
9140001 0.001169 51.482316
9150001 0.001754 52.519175
9160001 0.000876 49.926736
9170001 0.002046 48.393658
9180001 0.000877 49.629530
9190001 0.001462 51.406919
9200001 0.001169 52.593111
9210001 0.001169 50.946646
9220001 0.001169 49.831174
9230001 0.001169 50.209037
9240001 0.000876 51.627266
9250001 0.001461 51.511248
9260001 0.000877 51.045714
9270001 0.001753 49.396909
9280001 0.000877 51.243558
9290001 0.001461 51.304636
9300001 0.001169 51.889695
9310001 0.001169 51.059156
9320001 0.001461 49.696745
9330001 0.001169 51.437897
9340001 0.001169 51.698280
9350001 0.001754 50.598006
9360001 0.001169 51.090718
9370001 0.000877 49.528708
9380001 0.001753 52.302043
9390001 0.001169 53.220253
9400001 0.001169 51.742993
9410001 0.000877 51.827449
9420001 0.001753 49.325312
9430001 0.001169 52.139851
9440001 0.000877 51.547193
9450001 0.001461 52.517422
9460001 0.000877 52.655065
9470001 0.001753 49.236763
9480001 0.001169 52.643376
9490001 0.000877 53.788947
9500001 0.000877 49.083923
9510001 0.001169 52.618244
9520001 0.000877 50.699119
9530001 0.001462 53.868144
9540001 0.001462 52.672600
9550001 0.001461 53.418390
9560001 0.001169 52.413969
9570001 0.001754 50.807248
9580001 0.001169 52.003960
9590001 0.000877 53.779304
9600001 0.001169 53.824308
9610001 0.000877 53.352929
9620001 0.001461 51.101823
9630001 0.000877 53.121184
9640001 0.001169 54.537367
9650001 0.001169 54.776126
9660001 0.000585 53.887139
9670001 0.001753 51.358992
9680001 0.004383 53.540253
9690001 0.001461 50.477896
9700001 0.001461 53.127029
9710001 0.001169 54.110409
9720001 0.001169 54.878409
9730001 0.001169 54.106317
9740001 0.000876 52.142189
9750001 0.000877 53.592272
9760001 0.001754 51.986134
9770001 0.001169 53.257075
9780001 0.001169 55.369660
9790001 0.001461 54.595815
9800001 0.000877 54.617148
9810001 0.002046 54.453203
9820001 0.001169 52.913404
9830001 0.001753 52.329513
9840001 0.001461 53.882463
9850001 0.001169 50.953074
9860001 0.001169 54.549641
9870001 0.000876 55.572473
9880001 0.000876 52.760563
9890001 0.000877 53.070920
9900001 0.001461 54.430409
9910001 0.000877 54.900911
9920001 0.000877 55.158957
9930001 0.001169 54.824929
9940001 0.003215 53.636399
9950001 0.001461 55.179997
9960001 0.002630 51.872746
9970001 0.000877 54.101934
9980001 0.000876 55.856820
9990001 0.001169 56.326738
