1 0.028055 0.005845
10001 0.002046 0.000585
20001 0.001754 0.000585
30001 0.001461 0.000293
40001 0.001753 0.000292
50001 0.001461 0.000292
60001 0.001461 0.000292
70001 0.001461 0.000585
80001 0.001461 0.000292
90001 0.001461 0.000584
100001 0.002045 0.000584
110001 0.001754 0.000584
120001 0.001462 0.000293
130001 0.001753 0.000585
140001 0.002630 0.000584
150001 0.001462 0.000584
160001 0.016365 0.001169
170001 0.002046 0.000293
180001 0.002046 0.000584
190001 0.002922 0.504985
200001 0.002338 0.000293
210001 0.001754 0.000293
220001 0.001461 0.000292
230001 0.001753 0.000292
240001 0.001753 0.000585
250001 0.001753 0.000292
260001 0.002046 0.000292
270001 0.001753 0.000585
280001 0.001461 0.000292
290001 0.002337 0.000292
300001 0.001461 0.000585
310001 0.001753 0.000585
320001 0.001754 0.000292
330001 0.003799 0.000584
340001 0.001753 0.000585
350001 0.001754 0.000584
360001 0.001753 0.000293
370001 0.002922 0.000292
380001 0.001753 0.000585
390001 0.001754 0.000292
400001 0.004383 0.006137
410001 0.002045 0.000584
420001 0.002338 0.000584
430001 0.001753 0.000292
440001 0.001461 0.000585
450001 0.002045 0.000585
460001 0.002045 0.000293
470001 0.001754 0.000292
480001 0.003507 0.000585
490001 0.002630 0.000585
500001 0.002046 0.000584
510001 0.003215 0.000877
520001 0.002046 0.000584
530001 0.001461 0.000584
540001 0.002046 0.000585
550001 0.004092 0.000877
560001 0.001753 0.000584
570001 0.001461 0.000292
580001 0.001753 0.000585
590001 0.001461 0.000585
600001 0.001462 0.000292
610001 0.004675 0.001169
620001 0.003214 0.000877
630001 0.010228 0.000584
640001 0.002923 0.000585
650001 0.001754 0.000585
660001 0.002630 0.000877
670001 0.004383 0.000584
680001 0.001754 0.000585
690001 0.005553 0.001169
700001 0.004676 0.000877
710001 0.006137 0.000877
720001 0.002922 0.000877
730001 0.002338 0.000876
740001 0.004968 0.000584
750001 0.002922 0.000584
760001 0.001461 0.000585
770001 0.002045 0.000292
780001 0.002922 0.000585
790001 0.001754 0.000584
800001 0.002045 0.000584
810001 0.003507 0.000877
820001 0.002046 0.000585
830001 0.002045 0.000585
840001 0.004384 0.000876
850001 0.001754 0.000877
860001 0.002630 0.000585
870001 0.005260 0.000876
880001 0.004968 0.000877
890001 0.002630 0.000585
900001 0.002338 0.000292
910001 0.005553 0.001169
920001 0.002045 0.000292
930001 0.004676 0.000876
940001 0.003215 0.000877
950001 0.003507 0.000584
960001 0.005261 0.000877
970001 0.004676 0.001169
980001 0.005553 0.001169
990001 0.005261 0.001461
1000001 0.001461 0.000292
1010001 0.002338 0.000877
1020001 0.002045 0.000584
1030001 0.002045 0.000584
1040001 0.001753 0.000292
1050001 0.002045 0.000877
1060001 0.005553 0.000877
1070001 0.002923 0.000585
1080001 0.002630 0.001169
1090001 0.002923 0.000877
1100001 0.005553 0.000876
1110001 0.005553 0.000877
1120001 0.001461 0.000584
1130001 0.004968 0.001169
1140001 0.001753 0.000585
1150001 0.002631 0.000584
1160001 0.001754 0.000585
1170001 0.001461 0.000292
1180001 0.002922 0.000584
1190001 0.001754 0.000584
1200001 0.001461 0.000585
1210001 0.002338 0.000585
1220001 0.002338 0.000585
1230001 0.002338 0.000584
1240001 0.002338 0.000585
1250001 0.005553 0.000877
1260001 0.004968 0.000877
1270001 0.014612 0.001753
1280001 0.004968 0.000877
1290001 0.002630 0.001168
1300001 0.002922 0.001169
1310001 0.002338 0.000876
1320001 0.004092 0.001169
1330001 0.003214 0.000877
1340001 0.005260 0.000584
1350001 0.001754 0.000584
1360001 0.002922 0.000877
1370001 0.005553 0.001169
1380001 0.002045 0.000585
1390001 0.002045 0.000584
1400001 0.001754 0.000584
1410001 0.001754 0.000585
1420001 0.003215 0.000877
1430001 0.002338 0.000876
1440001 0.002922 0.000584
1450001 0.004676 0.000585
1460001 0.005260 0.000876
1470001 0.004384 0.000876
1480001 0.005261 0.000584
1490001 0.005845 0.000876
1500001 0.002922 0.000584
1510001 0.004384 0.000877
1520001 0.002046 0.000585
1530001 0.001461 0.000585
1540001 0.002923 0.000585
1550001 0.001753 0.000293
1560001 0.002922 0.000877
1570001 0.002046 0.000584
1580001 0.001461 0.000292
1590001 0.005261 0.001169
1600001 0.002338 0.000876
1610001 0.004968 0.001169
1620001 0.005553 0.001169
1630001 0.003507 0.000876
1640001 0.005260 0.000877
1650001 0.004091 0.000876
1660001 0.003507 0.000877
1670001 0.002922 0.000876
1680001 0.002338 0.000876
1690001 0.002046 0.000292
1700001 0.003215 0.000877
1710001 0.004676 0.000877
1720001 0.003507 0.000877
1730001 0.004968 0.000877
1740001 0.004383 0.000877
1750001 0.004384 0.000877
1760001 0.005553 0.001169
1770001 0.004383 0.000877
1780001 0.003507 0.000877
1790001 0.005553 0.000877
1800001 0.005553 0.001169
1810001 0.002338 0.000584
1820001 0.002631 0.000876
1830001 0.003214 0.000877
1840001 0.005260 0.000876
1850001 0.005845 0.000877
1860001 0.005260 0.001169
1870001 0.004091 0.000877
1880001 0.004383 0.000876
1890001 0.004968 0.001169
1900001 0.003799 0.000877
1910001 0.019288 0.001168
1920001 0.004384 0.000876
1930001 0.003507 0.000877
1940001 0.002338 0.000877
1950001 0.002046 0.000584
1960001 0.004383 0.000876
1970001 0.002923 0.000877
1980001 0.007599 0.001461
1990001 0.005553 0.000876
2000001 0.005553 0.001169
2010001 0.005260 0.000877
2020001 0.005260 0.001169
2030001 0.004676 0.000877
2040001 0.003799 0.001169
2050001 0.002630 0.000877
2060001 0.002630 0.000584
2070001 0.004968 0.000876
2080001 0.003507 0.000876
2090001 0.003799 0.000877
2100001 0.005261 0.000877
2110001 0.018118 0.000877
2120001 0.004968 0.000877
2130001 0.004968 0.000876
2140001 0.004968 0.000877
2150001 0.004091 0.000877
2160001 0.004676 0.000877
2170001 0.015780 0.000877
2180001 0.002630 0.000585
2190001 0.005260 0.001169
2200001 0.004383 0.000876
2210001 0.003799 0.000585
2220001 0.005552 0.000876
2230001 0.004676 0.000877
2240001 0.005261 0.000877
2250001 0.004383 0.001169
2260001 0.004968 0.000876
2270001 0.002922 0.000585
2280001 0.002630 0.000877
2290001 0.002630 0.000877
2300001 0.005260 0.000877
2310001 0.004968 0.000877
2320001 0.005260 0.000876
2330001 0.004968 0.000876
2340001 0.005260 0.000877
2350001 0.019872 0.013443
2360001 0.004968 0.000876
2370001 0.005260 0.000876
2380001 0.004968 0.000877
2390001 0.002338 0.000584
2400001 0.004968 0.001169
2410001 0.005553 0.000877
2420001 0.004384 0.000876
2430001 0.004092 0.001169
2440001 0.003799 0.000877
2450001 0.005260 0.000877
2460001 0.005260 0.000876
2470001 0.004092 0.000876
2480001 0.003215 0.000585
2490001 0.002338 0.000585
2500001 0.004676 0.000877
2510001 0.004968 0.000877
2520001 0.005261 0.001169
2530001 0.003506 0.000585
2540001 0.004091 0.000584
2550001 0.007014 0.001169
2560001 0.017534 0.001753
2570001 0.003507 0.001461
2580001 0.002922 0.001754
2590001 0.002046 0.001461
2600001 0.003215 0.001461
2610001 0.002045 0.001462
2620001 0.002046 0.001461
2630001 0.003507 0.002046
2640001 0.002046 0.001754
2650001 0.003799 0.001461
2660001 0.003799 0.002046
2670001 0.003799 0.002045
2680001 0.003506 0.002046
2690001 0.003506 0.001753
2700001 0.003214 0.001461
2710001 0.002045 0.000877
2720001 0.006430 0.001169
2730001 0.003507 0.002338
2740001 0.003507 0.001753
2750001 0.002922 0.001754
2760001 0.002338 0.001753
2770001 0.001461 0.001169
2780001 0.001753 0.001169
2790001 0.003215 0.001461
2800001 0.001754 0.001169
2810001 0.002046 0.001461
2820001 0.002630 0.001169
2830001 0.003507 0.001754
2840001 0.003799 0.001753
2850001 0.002630 0.001169
2860001 0.003799 0.001169
2870001 0.003215 0.001754
2880001 0.003507 0.001461
2890001 0.002630 0.001461
2900001 0.002045 0.000585
2910001 0.002338 0.001169
2920001 0.002922 0.001461
2930001 0.001753 0.001461
2940001 0.004091 0.002338
2950001 0.003800 0.002046
2960001 0.002338 0.001753
2970001 0.002338 0.001461
2980001 0.003214 0.001754
2990001 0.002922 0.001461
3000001 0.002922 0.001169
3010001 0.001754 0.001461
3020001 0.002922 0.001461
3030001 0.002922 0.001754
3040001 0.002630 0.001461
3050001 0.004091 0.002045
3060001 0.003507 0.001753
3070001 0.003799 0.001754
3080001 0.019580 0.001754
3090001 0.003799 0.014320
3100001 0.002922 0.001461
3110001 0.003214 0.001461
3120001 0.001461 0.000877
3130001 0.003799 0.001753
3140001 0.002922 0.001754
3150001 0.003507 0.001754
3160001 0.003507 0.001461
3170001 0.004091 0.002338
3180001 0.005260 0.002338
3190001 0.003507 0.001754
3200001 0.002630 0.002046
3210001 0.003799 0.001753
3220001 0.002630 0.001461
3230001 0.003507 0.001754
3240001 0.003507 0.002045
3250001 0.003799 0.001753
3260001 0.003507 0.002045
3270001 0.002630 0.001754
3280001 0.002922 0.001754
3290001 0.002046 0.001169
3300001 0.003507 0.002046
3310001 0.003506 0.001754
3320001 0.003507 0.001754
3330001 0.015197 0.001169
3340001 0.002922 0.001461
3350001 0.003800 0.002338
3360001 0.002922 0.001461
3370001 0.003799 0.002046
3380001 0.003799 0.001754
3390001 0.002630 0.001461
3400001 0.002338 0.015489
3410001 0.003215 0.001461
3420001 0.001754 0.001753
3430001 0.002046 0.001461
3440001 0.002923 0.001461
3450001 0.004384 0.002045
3460001 0.002630 0.002046
3470001 0.003214 0.001754
3480001 0.002338 0.001753
3490001 0.002922 0.001461
3500001 0.002923 0.001461
3510001 0.003799 0.002046
3520001 0.002338 0.001753
3530001 0.003799 0.001753
3540001 0.003799 0.001754
3550001 0.003507 0.002046
3560001 0.003800 0.001754
3570001 0.004092 0.001754
3580001 0.003799 0.002046
3590001 0.004091 0.001461
3600001 0.003215 0.000877
3610001 0.003507 0.001753
3620001 0.002338 0.001461
3630001 0.002630 0.001461
3640001 0.002338 0.001461
3650001 0.003215 0.002631
3660001 0.003507 0.002046
3670001 0.002630 0.002338
3680001 0.002922 0.001461
3690001 0.001754 0.001169
3700001 0.003215 0.001461
3710001 0.002338 0.001753
3720001 0.002631 0.001461
3730001 0.002630 0.001169
3740001 0.003507 0.002045
3750001 0.003214 0.001754
3760001 0.002630 0.001754
3770001 0.003799 0.002046
3780001 0.002046 0.001462
3790001 0.002338 0.001754
3800001 0.002338 0.001461
3810001 0.003215 0.002046
3820001 0.003799 0.002338
3830001 0.016073 0.002922
3840001 0.005844 0.022210
3850001 0.033899 0.000584
3860001 0.000877 0.000585
3870001 0.000877 0.000584
3880001 0.000877 0.000292
3890001 0.000876 0.000293
3900001 0.000877 0.000585
3910001 0.000877 0.000292
3920001 0.000584 0.000584
3930001 0.000876 0.000292
3940001 0.001169 0.000584
3950001 0.000877 0.000585
3960001 0.000877 0.000292
3970001 0.000877 0.000292
3980001 0.001169 0.000293
3990001 0.000876 0.000292
4000001 0.000876 0.000292
4010001 0.000877 0.000292
4020001 0.000877 0.000292
4030001 0.000877 0.000292
4040001 0.000877 0.000584
4050001 0.000877 0.000292
4060001 0.000584 0.000584
4070001 0.000877 0.000585
4080001 0.000877 0.000292
4090001 0.000877 0.000292
4100001 0.000877 0.000584
4110001 0.000877 0.000293
4120001 0.001169 0.000292
4130001 0.000877 0.000292
4140001 0.000585 0.000292
4150001 0.000584 0.000585
4160001 0.000877 0.000293
4170001 0.000877 0.000292
4180001 0.000585 0.000292
4190001 0.000876 0.000292
4200001 0.000876 0.000292
4210001 0.000877 0.000292
4220001 0.001169 0.000293
4230001 0.000877 0.000584
4240001 0.000585 0.000292
4250001 0.000877 0.000292
4260001 0.000877 0.000585
4270001 0.000876 0.000292
4280001 0.000877 0.000292
4290001 0.000877 0.000292
4300001 0.000585 0.000292
4310001 0.000585 0.000292
4320001 0.000877 0.000584
4330001 0.000877 0.000292
4340001 0.000585 0.000293
4350001 0.000876 0.000292
4360001 0.001169 0.000585
4370001 0.000584 0.000292
4380001 0.000877 0.000292
4390001 0.000877 0.000292
4400001 0.000877 0.000292
4410001 0.001169 0.000584
4420001 0.000877 0.000584
4430001 0.000877 0.000877
4440001 0.000877 0.000292
4450001 0.000877 0.000292
4460001 0.000877 0.000585
4470001 0.000585 0.000584
4480001 0.001169 0.000292
4490001 0.000877 0.000585
4500001 0.000876 0.000585
4510001 0.000877 0.000584
4520001 0.000877 0.000292
4530001 0.000877 0.000292
4540001 0.000876 0.000292
4550001 0.000877 0.000293
4560001 0.000877 0.000292
4570001 0.000877 0.000292
4580001 0.000877 0.000292
4590001 0.000876 0.000293
4600001 0.000584 0.000292
4610001 0.000877 0.000584
4620001 0.000877 0.000292
4630001 0.000877 0.000292
4640001 0.000877 0.000292
4650001 0.000877 0.000584
4660001 0.000876 0.000292
4670001 0.000876 0.000877
4680001 0.000877 0.000876
4690001 0.001169 0.000293
4700001 0.000877 0.000293
4710001 0.000584 0.000584
4720001 0.001169 0.000292
4730001 0.000585 0.000584
4740001 0.000877 0.000292
4750001 0.001169 0.000877
4760001 0.001169 0.000584
4770001 0.000585 0.000585
4780001 0.000876 0.000293
4790001 0.000584 0.000292
4800001 0.000877 0.000584
4810001 0.000876 0.000292
4820001 0.000876 0.000292
4830001 0.000876 0.000585
4840001 0.000877 0.000292
4850001 0.001169 0.000877
4860001 0.000585 0.000292
4870001 0.000584 0.000292
4880001 0.000585 0.000293
4890001 0.001169 0.000292
4900001 0.000877 0.000584
4910001 0.001169 0.000585
4920001 0.000585 0.000292
4930001 0.000877 0.000293
4940001 0.001169 0.000292
4950001 0.000585 0.000292
4960001 0.000877 0.000292
4970001 0.001169 0.000292
4980001 0.000877 0.000585
4990001 0.001169 0.000877
5000001 0.000585 0.000585
5010001 0.000876 0.000292
5020001 0.000877 0.000292
5030001 0.001169 0.000292
5040001 0.000876 0.000584
5050001 0.000877 0.000292
5060001 0.001169 0.000584
5070001 0.000877 0.000292
5080001 0.001169 0.000292
5090001 0.000877 0.000292
5100001 0.000877 0.000292
5110001 0.000877 0.000292
5120001 0.000876 0.000584
5130001 0.000877 0.000292
5140001 0.000585 0.000293
5150001 0.000584 0.000292
5160001 0.000585 0.000584
5170001 0.000876 0.000585
5180001 0.000585 0.000292
5190001 0.001169 0.000585
5200001 0.000584 0.000584
5210001 0.000877 0.000293
5220001 0.001169 0.000292
5230001 0.000877 0.000292
5240001 0.000877 0.000293
5250001 0.000876 0.000292
5260001 0.000877 0.000585
5270001 0.000876 0.000584
5280001 0.005845 0.000292
5290001 0.000876 0.000292
5300001 0.000584 0.000584
5310001 0.000877 0.000584
5320001 0.000877 0.000584
5330001 0.001169 0.000584
5340001 0.000876 0.000293
5350001 0.000876 0.000292
5360001 0.000877 0.000292
5370001 0.000877 0.000292
5380001 0.000584 0.000292
5390001 0.000585 0.000584
5400001 0.000876 0.000876
5410001 0.000585 0.000585
5420001 0.001169 0.000292
5430001 0.000877 0.000584
5440001 0.000876 0.000292
5450001 0.000877 0.000584
5460001 0.000877 0.000584
5470001 0.000877 0.000293
5480001 0.000584 0.000293
5490001 0.000877 0.000293
5500001 0.000877 0.000292
5510001 0.000876 0.000585
5520001 0.001169 0.000584
5530001 0.000877 0.000292
5540001 0.000876 0.000292
5550001 0.000877 0.000292
5560001 0.000877 0.000292
5570001 0.000877 0.000584
5580001 0.000877 0.000292
5590001 0.000877 0.000877
5600001 0.001169 0.000584
5610001 0.000877 0.000877
5620001 0.000585 0.000585
5630001 0.000877 0.000292
5640001 0.000877 0.000876
5650001 0.000877 0.000585
5660001 0.000876 0.000293
5670001 0.000877 0.000584
5680001 0.000877 0.000292
5690001 0.000585 0.000293
5700001 0.000585 0.000584
5710001 0.000876 0.000293
5720001 0.000877 0.000292
5730001 0.000876 0.000292
5740001 0.001169 0.000292
5750001 0.000877 0.000293
5760001 0.000877 0.000584
5770001 0.000876 0.000292
5780001 0.000877 0.000585
5790001 0.000877 0.000292
5800001 0.000876 0.000585
5810001 0.001169 0.000584
5820001 0.001169 0.000584
5830001 0.000877 0.000584
5840001 0.000585 0.000293
5850001 0.000877 0.000585
5860001 0.000877 0.000584
5870001 0.000584 0.000585
5880001 0.000877 0.000584
5890001 0.000877 0.000584
5900001 0.000876 0.000877
5910001 0.000877 0.000292
5920001 0.000876 0.000292
5930001 0.000877 0.000293
5940001 0.001169 0.000877
5950001 0.000877 0.000292
5960001 0.000876 0.000292
5970001 0.001169 0.000292
5980001 0.000876 0.000292
5990001 0.000876 0.000293
6000001 0.000877 0.000584
6010001 0.000877 0.000293
6020001 0.000584 0.000584
6030001 0.000877 0.000292
6040001 0.000877 0.000292
6050001 0.000877 0.000293
6060001 0.000877 0.000585
6070001 0.000877 0.000293
6080001 0.000876 0.000292
6090001 0.000877 0.000292
6100001 0.000877 0.000292
6110001 0.001169 0.000292
6120001 0.001169 0.000584
6130001 0.000585 0.000292
6140001 0.000877 0.000584
6150001 0.000876 0.000292
6160001 0.000584 0.000292
6170001 0.000876 0.000292
6180001 0.000877 0.000584
6190001 0.000877 0.000292
6200001 0.000877 0.000292
6210001 0.000876 0.000292
6220001 0.000876 0.000293
6230001 0.000877 0.000293
6240001 0.001169 0.000292
6250001 0.000585 0.000585
6260001 0.000877 0.000292
6270001 0.000877 0.000292
6280001 0.000877 0.000585
6290001 0.001169 0.000585
6300001 0.000584 0.000292
6310001 0.000584 0.000292
6320001 0.000876 0.000292
6330001 0.000584 0.000292
6340001 0.001169 0.000293
6350001 0.000877 0.000292
6360001 0.000584 0.000585
6370001 0.001169 0.000293
6380001 0.001169 0.000293
6390001 0.000585 0.000292
6400001 0.001461 0.000585
6410001 0.000877 0.000584
6420001 0.000585 0.000292
6430001 0.000585 0.000293
6440001 0.001169 0.000585
6450001 0.000877 0.000584
6460001 0.001169 0.000584
6470001 0.000877 0.000584
6480001 0.000877 0.000292
6490001 0.000877 0.000585
6500001 0.000877 0.000292
6510001 0.000876 0.000877
6520001 0.000877 0.000585
6530001 0.001169 0.000292
6540001 0.000877 0.000292
6550001 0.000876 0.000292
6560001 0.000876 0.000585
6570001 0.000876 0.000585
6580001 0.000876 0.000292
6590001 0.000877 0.000292
6600001 0.001169 0.000293
6610001 0.000877 0.000585
6620001 0.001169 0.000292
6630001 0.001168 0.000292
6640001 0.000585 0.000292
6650001 0.000877 0.000584
6660001 0.001169 0.000292
6670001 0.000877 0.000292
6680001 0.000877 0.000293
6690001 0.000876 0.000584
6700001 0.000584 0.000292
6710001 0.001169 0.000584
6720001 0.000584 0.000584
6730001 0.000876 0.000293
6740001 0.000876 0.000293
6750001 0.001169 0.000292
6760001 0.001461 0.000585
6770001 0.000877 0.000292
6780001 0.000877 0.000292
6790001 0.000877 0.000292
6800001 0.001169 0.000584
6810001 0.000876 0.000585
6820001 0.000877 0.000292
6830001 0.000877 0.000292
6840001 0.000877 0.000293
6850001 0.000876 0.000585
6860001 0.000877 0.000584
6870001 0.000877 0.000292
6880001 0.001169 0.000292
6890001 0.000877 0.000584
6900001 0.000877 0.000292
6910001 0.000877 0.000584
6920001 0.000876 0.000293
6930001 0.001169 0.000292
6940001 0.001169 0.000877
6950001 0.000877 0.000293
6960001 0.000584 0.000293
6970001 0.000584 0.000584
6980001 0.000877 0.000585
6990001 0.000876 0.000292
7000001 0.000584 0.000585
7010001 0.000584 0.000584
7020001 0.000877 0.000585
7030001 0.000876 0.000584
7040001 0.000877 0.000293
7050001 0.000877 0.000292
7060001 0.001169 0.000584
7070001 0.001169 0.000877
7080001 0.000584 0.000585
7090001 0.001169 0.000585
7100001 0.000585 0.000293
7110001 0.001169 0.000877
7120001 0.000877 0.000584
7130001 0.000877 0.000293
7140001 0.000876 0.000584
7150001 0.000877 0.000292
7160001 0.000877 0.000585
7170001 0.000877 0.000292
7180001 0.000877 0.000292
7190001 0.001169 0.000293
7200001 0.000877 0.000292
7210001 0.000584 0.000292
7220001 0.000877 0.000293
7230001 0.000584 0.000293
7240001 0.001169 0.000584
7250001 0.000876 0.000584
7260001 0.000877 0.000292
7270001 0.001169 0.000584
7280001 0.000877 0.000292
7290001 0.001169 0.000292
7300001 0.000585 0.000293
7310001 0.001169 0.000585
7320001 0.000877 0.000584
7330001 0.000877 0.000584
7340001 0.000877 0.000585
7350001 0.001461 0.000584
7360001 0.000877 0.000292
7370001 0.000877 0.000292
7380001 0.000877 0.000584
7390001 0.000877 0.000585
7400001 0.001169 0.000292
7410001 0.000877 0.000584
7420001 0.001461 0.000585
7430001 0.000876 0.000292
7440001 0.000585 0.000292
7450001 0.000877 0.000877
7460001 0.001169 0.000584
7470001 0.000877 0.000292
7480001 0.001169 0.000585
7490001 0.001169 0.000584
7500001 0.000877 0.000292
7510001 0.000877 0.000292
7520001 0.000877 0.000292
7530001 0.001169 0.000585
7540001 0.000877 0.000584
7550001 0.000876 0.000293
7560001 0.000876 0.000584
7570001 0.001169 0.000585
7580001 0.000877 0.000584
7590001 0.000877 0.000292
7600001 0.001169 0.000584
7610001 0.001169 0.000585
7620001 0.001169 0.000584
7630001 0.001169 0.000292
7640001 0.000876 0.000877
7650001 0.000877 0.000293
7660001 0.000876 0.000292
7670001 0.001169 0.000293
7680001 0.001169 0.000292
7690001 0.001169 0.000585
7700001 0.000877 0.000585
7710001 0.000877 0.000584
7720001 0.000877 0.000292
7730001 0.000876 0.000292
7740001 0.000585 0.000292
7750001 0.000877 0.000584
7760001 0.000585 0.000584
7770001 0.000876 0.000584
7780001 0.000877 0.000292
7790001 0.000877 0.000292
7800001 0.000876 0.000292
7810001 0.000876 0.000292
7820001 0.000877 0.000585
7830001 0.001169 0.000585
7840001 0.005844 0.000292
7850001 0.001169 0.000876
7860001 0.000877 0.000585
7870001 0.000876 0.000585
7880001 0.001169 0.000585
7890001 0.001169 0.000584
7900001 0.000876 0.000293
7910001 0.000877 0.000293
7920001 0.001169 0.000292
7930001 0.000877 0.000292
7940001 0.000585 0.000292
7950001 0.000876 0.000584
7960001 0.000876 0.000585
7970001 0.001169 0.000877
7980001 0.000877 0.000292
7990001 0.001461 0.000584
8000001 0.000877 0.000292
8010001 0.001169 0.000293
8020001 0.001169 0.000292
8030001 0.000876 0.000584
8040001 0.000877 0.000585
8050001 0.000877 0.000584
8060001 0.001169 0.000585
8070001 0.000585 0.000293
8080001 0.000877 0.000292
8090001 0.000876 0.000584
8100001 0.000877 0.000584
8110001 0.001169 0.000292
8120001 0.000585 0.000292
8130001 0.001169 0.000584
8140001 0.000876 0.000292
8150001 0.001169 0.000584
8160001 0.000877 0.000292
8170001 0.001169 0.000292
8180001 0.000876 0.000877
8190001 0.000877 0.000292
8200001 0.000877 0.000292
8210001 0.001169 0.000584
8220001 0.000877 0.000584
8230001 0.000877 0.000293
8240001 0.000877 0.000584
8250001 0.001169 0.000584
8260001 0.000584 0.000292
8270001 0.001169 0.000876
8280001 0.001169 0.000585
8290001 0.001169 0.000292
8300001 0.000877 0.000584
8310001 0.000877 0.000292
8320001 0.001169 0.000292
8330001 0.001462 0.000877
8340001 0.000877 0.000293
8350001 0.000877 0.000293
8360001 0.000877 0.000877
8370001 0.000877 0.000292
8380001 0.000877 0.000292
8390001 0.000877 0.000584
8400001 0.000877 0.000292
8410001 0.000585 0.000292
8420001 0.000876 0.000585
8430001 0.000877 0.000292
8440001 0.000877 0.000293
8450001 0.001169 0.000585
8460001 0.000877 0.000584
8470001 0.000877 0.000293
8480001 0.001169 0.000584
8490001 0.000877 0.000292
8500001 0.001169 0.000292
8510001 0.000877 0.000292
8520001 0.001169 0.000584
8530001 0.000876 0.000292
8540001 0.001169 0.000292
8550001 0.000877 0.000584
8560001 0.001169 0.000292
8570001 0.000877 0.000585
8580001 0.000584 0.000876
8590001 0.000877 0.000292
8600001 0.000876 0.000584
8610001 0.001169 0.000585
8620001 0.000876 0.000293
8630001 0.000877 0.000584
8640001 0.000877 0.000877
8650001 0.000585 0.000584
8660001 0.000876 0.000585
8670001 0.000877 0.000585
8680001 0.001461 0.000292
8690001 0.000877 0.000292
8700001 0.000877 0.000292
8710001 0.001461 0.000585
8720001 0.001169 0.000585
8730001 0.000877 0.000292
8740001 0.000877 0.000292
8750001 0.000584 0.000292
8760001 0.001168 0.000585
8770001 0.000877 0.000293
8780001 0.001169 0.000584
8790001 0.000876 0.000292
8800001 0.012858 0.000584
8810001 0.001169 0.000585
8820001 0.001169 0.000293
8830001 0.000877 0.000292
8840001 0.000877 0.000293
8850001 0.000877 0.000292
8860001 0.000877 0.000292
8870001 0.001169 0.000585
8880001 0.000877 0.000584
8890001 0.000877 0.000584
8900001 0.000876 0.000293
8910001 0.000877 0.000585
8920001 0.000877 0.000292
8930001 0.001169 0.000292
8940001 0.000585 0.000293
8950001 0.000876 0.000293
8960001 0.001169 0.000584
8970001 0.000877 0.000877
8980001 0.001461 0.000584
8990001 0.001169 0.000292
9000001 0.000584 0.000292
9010001 0.001169 0.000584
9020001 0.000877 0.000584
9030001 0.001169 0.000292
9040001 0.001169 0.000292
9050001 0.001169 0.000293
9060001 0.000877 0.000292
9070001 0.000877 0.000292
9080001 0.000877 0.000585
9090001 0.001169 0.000585
9100001 0.000877 0.000292
9110001 0.001169 0.000584
9120001 0.012859 0.000293
9130001 0.001169 0.000585
9140001 0.001462 0.000584
9150001 0.000877 0.000292
9160001 0.001168 0.000292
9170001 0.000877 0.000585
9180001 0.001169 0.000292
9190001 0.001169 0.000585
9200001 0.000876 0.000292
9210001 0.000877 0.000877
9220001 0.001169 0.000584
9230001 0.001169 0.000293
9240001 0.001169 0.000585
9250001 0.000876 0.000584
9260001 0.000877 0.000584
9270001 0.000876 0.000584
9280001 0.001169 0.000293
9290001 0.001169 0.000584
9300001 0.000876 0.000585
9310001 0.000877 0.000584
9320001 0.000877 0.000293
9330001 0.000876 0.000292
9340001 0.001169 0.000292
9350001 0.000877 0.000585
9360001 0.000877 0.000584
9370001 0.000877 0.000292
9380001 0.001169 0.000585
9390001 0.001169 0.000584
9400001 0.001169 0.000292
9410001 0.001169 0.000292
9420001 0.000876 0.000293
9430001 0.001169 0.000585
9440001 0.000877 0.000584
9450001 0.000585 0.000584
9460001 0.000876 0.000585
9470001 0.000877 0.000293
9480001 0.001168 0.000584
9490001 0.000877 0.000584
9500001 0.000877 0.000584
9510001 0.000877 0.000292
9520001 0.001168 0.000585
9530001 0.000876 0.000585
9540001 0.001169 0.000293
9550001 0.001461 0.000585
9560001 0.001169 0.000585
9570001 0.001169 0.000585
9580001 0.000877 0.000584
9590001 0.000877 0.000584
9600001 0.000877 0.000585
9610001 0.001169 0.000585
9620001 0.001461 0.000585
9630001 0.000877 0.000585
9640001 0.000877 0.000585
9650001 0.000876 0.000585
9660001 0.000877 0.000585
9670001 0.000584 0.000585
9680001 0.000876 0.000585
9690001 0.001169 0.000584
9700001 0.000877 0.000584
9710001 0.000877 0.000584
9720001 0.000877 0.000585
9730001 0.001169 0.000585
9740001 0.000877 0.000292
9750001 0.000876 0.000585
9760001 0.000877 0.000585
9770001 0.001169 0.000585
9780001 0.001169 0.000877
9790001 0.000877 0.000292
9800001 0.000876 0.000585
9810001 0.000877 0.000292
9820001 0.001169 0.000292
9830001 0.001169 0.000292
9840001 0.000876 0.000877
9850001 0.000877 0.000585
9860001 0.001169 0.000584
9870001 0.001169 0.000292
9880001 0.000876 0.000585
9890001 0.000877 0.000585
9900001 0.001169 0.000292
9910001 0.000877 0.000584
9920001 0.001169 0.000292
9930001 0.001169 0.000585
9940001 0.000877 0.000585
9950001 0.000876 0.000292
9960001 0.000877 0.000292
9970001 0.001462 0.000293
9980001 0.000877 0.000292
9990001 0.001461 0.000292
