1 0.070429 0.021918
10001 0.015197 0.006137
20001 0.010521 0.004968
30001 0.004091 0.002046
40001 0.005553 0.002046
50001 0.004383 0.002338
60001 0.004675 0.002338
70001 0.004383 0.002046
80001 0.008768 0.002337
90001 0.004092 0.001753
100001 0.017534 0.001461
110001 0.003214 0.001169
120001 0.003507 0.001169
130001 0.010228 0.002338
140001 0.004092 0.001461
150001 0.003215 0.001461
160001 0.003799 0.030100
170001 0.002923 0.002630
180001 0.003215 0.001753
190001 0.002923 0.002045
200001 0.003507 0.001753
210001 0.004676 0.000876
220001 0.012567 0.001461
230001 0.002046 0.001461
240001 0.002338 0.001753
250001 0.002045 0.001461
260001 0.002338 0.001753
270001 0.002045 0.001461
280001 0.002630 0.001461
290001 0.002046 0.001753
300001 0.002046 0.002338
310001 0.001754 0.007598
320001 0.003215 0.001754
330001 0.001753 0.001169
340001 0.002338 0.001461
350001 0.001461 0.001461
360001 0.001754 0.001169
370001 0.001462 0.001169
380001 0.002046 0.000877
390001 0.001753 0.001461
400001 0.002630 0.001461
410001 0.001753 0.001169
420001 0.002337 0.000585
430001 0.002338 0.000585
440001 0.002046 0.001169
450001 0.002338 0.000584
460001 0.002046 0.000877
470001 0.003507 0.000877
480001 0.002046 0.000877
490001 0.002046 0.000876
500001 0.001461 0.001169
510001 0.002046 0.001168
520001 0.001753 0.000877
530001 0.002338 0.000877
540001 0.002338 0.001461
550001 0.002338 0.000877
560001 0.001754 0.001169
570001 0.003799 0.001462
580001 0.002046 0.001169
590001 0.002630 0.000877
600001 0.001754 0.001169
610001 0.001753 0.001462
620001 0.003215 0.001753
630001 0.003215 0.000877
640001 0.001753 0.001169
650001 0.002045 0.001169
660001 0.002338 0.001169
670001 0.002045 0.000877
680001 0.001753 0.000877
690001 0.001168 0.000585
700001 0.001462 0.001169
710001 0.002631 0.001168
720001 0.001753 0.000877
730001 0.002923 0.000876
740001 0.001753 0.000877
750001 0.002046 0.001169
760001 0.001753 0.001169
770001 0.002338 0.001754
780001 0.002338 0.001461
790001 0.002338 0.001169
800001 0.002046 0.001169
810001 0.001461 0.001169
820001 0.001461 0.001462
830001 0.002046 0.002045
840001 0.002338 0.000877
850001 0.001753 0.000877
860001 0.002631 0.000876
870001 0.002045 0.000877
880001 0.002046 0.000876
890001 0.002046 0.001169
900001 0.002338 0.000876
910001 0.002337 0.001169
920001 0.002338 0.009060
930001 0.002046 0.001169
940001 0.003507 0.000877
950001 0.001754 0.000876
960001 0.002631 0.000877
970001 0.002045 0.000877
980001 0.002922 0.000877
990001 0.002338 0.001169
1000001 0.002337 0.001169
1010001 0.001753 0.001169
1020001 0.002923 0.001169
1030001 0.001754 0.001168
1040001 0.001753 0.001169
1050001 0.002045 0.000876
1060001 0.002338 0.000877
1070001 0.002046 0.001461
1080001 0.002046 0.001169
1090001 0.001753 0.001169
1100001 0.002338 0.001169
1110001 0.001754 0.000877
1120001 0.002046 0.001169
1130001 0.001753 0.001461
1140001 0.001753 0.000877
1150001 0.002046 0.000877
1160001 0.002046 0.000877
1170001 0.001461 0.001169
1180001 0.002338 0.001169
1190001 0.037406 0.050557
1200001 0.002338 0.001169
1210001 0.001169 0.001169
1220001 0.001461 0.001169
1230001 0.001169 0.001168
1240001 0.001461 0.001169
1250001 0.002630 0.000292
1260001 0.001461 0.000584
1270001 0.001169 0.000877
1280001 0.001169 0.000877
1290001 0.001462 0.000876
1300001 0.001461 0.000877
1310001 0.001461 0.000877
1320001 0.001754 0.000877
1330001 0.001462 0.000584
1340001 0.001753 0.000877
1350001 0.001754 0.000876
1360001 0.001461 0.000877
1370001 0.001462 0.001169
1380001 0.001461 0.001169
1390001 0.013735 0.000877
1400001 0.001169 0.000876
1410001 0.002338 0.000877
1420001 0.001169 0.000877
1430001 0.001461 0.000876
1440001 0.001169 0.001169
1450001 0.001754 0.001169
1460001 0.001461 0.000584
1470001 0.001461 0.000877
1480001 0.001461 0.000877
1490001 0.002046 0.001169
1500001 0.001462 0.000876
1510001 0.002046 0.001169
1520001 0.001461 0.001169
1530001 0.002045 0.000876
1540001 0.001461 0.000877
1550001 0.001753 0.001169
1560001 0.001753 0.001461
1570001 0.001754 0.000877
1580001 0.002630 0.001461
1590001 0.001753 0.001169
1600001 0.001169 0.001169
1610001 0.001754 0.001461
1620001 0.001753 0.001169
1630001 0.001753 0.001169
1640001 0.001461 0.001169
1650001 0.002046 0.001461
1660001 0.001169 0.001461
1670001 0.001753 0.000877
1680001 0.001461 0.000585
1690001 0.001462 0.000876
1700001 0.001461 0.000877
1710001 0.001754 0.000877
1720001 0.002338 0.000585
1730001 0.001169 0.000877
1740001 0.001462 0.001169
1750001 0.002046 0.001169
1760001 0.002046 0.001169
1770001 0.001462 0.001168
1780001 0.002046 0.000876
1790001 0.001461 0.001169
1800001 0.002046 0.001169
1810001 0.001753 0.000877
1820001 0.001461 0.000877
1830001 0.001461 0.000877
1840001 0.001461 0.000877
1850001 0.001753 0.000877
1860001 0.001753 0.001169
1870001 0.001169 0.001169
1880001 0.002630 0.000877
1890001 0.001461 0.000877
1900001 0.001461 0.000876
1910001 0.001461 0.000877
1920001 0.002923 0.001169
1930001 0.001462 0.000876
1940001 0.001169 0.000584
1950001 0.001462 0.001169
1960001 0.001461 0.000877
1970001 0.001753 0.001169
1980001 0.001754 0.000876
1990001 0.001461 0.000877
2000001 0.001461 0.000877
2010001 0.001461 0.001169
2020001 0.001753 0.001461
2030001 0.001169 0.001169
2040001 0.001753 0.001461
2050001 0.001169 0.000877
2060001 0.001753 0.001169
2070001 0.001169 0.001169
2080001 0.001753 0.001169
2090001 0.001753 0.000585
2100001 0.001462 0.000876
2110001 0.001754 0.000584
2120001 0.001461 0.000585
2130001 0.001461 0.000876
2140001 0.001169 0.000877
2150001 0.001461 0.000877
2160001 0.001462 0.001169
2170001 0.001461 0.000877
2180001 0.001461 0.001169
2190001 0.003215 0.000876
2200001 0.000877 0.001169
2210001 0.001461 0.001169
2220001 0.014320 0.000584
2230001 0.001754 0.000877
2240001 0.001753 0.000585
2250001 0.001754 0.001169
2260001 0.001169 0.001169
2270001 0.001754 0.001169
2280001 0.001169 0.001169
2290001 0.001753 0.001169
2300001 0.001461 0.000877
2310001 0.001754 0.000877
2320001 0.001461 0.000877
2330001 0.001169 0.000877
2340001 0.001461 0.001169
2350001 0.001753 0.001169
2360001 0.001169 0.000876
2370001 0.001753 0.000877
2380001 0.001461 0.001169
2390001 0.001461 0.001169
2400001 0.001461 0.000877
2410001 0.001754 0.000877
2420001 0.001169 0.000877
2430001 0.001754 0.000877
2440001 0.001461 0.001169
2450001 0.001754 0.001169
2460001 0.001169 0.000877
2470001 0.001754 0.001461
2480001 0.001169 0.001169
2490001 0.001461 0.001169
2500001 0.002922 0.000585
2510001 0.002045 0.000585
2520001 0.001462 0.000584
2530001 0.001462 0.000584
2540001 0.001753 0.000877
2550001 0.001753 0.000877
2560001 0.001461 0.000877
2570001 0.001754 0.000876
2580001 0.001753 0.000877
2590001 0.001754 0.001169
2600001 0.001169 0.001169
2610001 0.002630 0.001169
2620001 0.002045 0.000877
2630001 0.001753 0.001169
2640001 0.001462 0.000876
2650001 0.001461 0.001169
2660001 0.002338 0.001169
2670001 0.001169 0.000877
2680001 0.001753 0.001169
2690001 0.001461 0.001169
2700001 0.002046 0.000877
2710001 0.001461 0.001169
2720001 0.001753 0.000877
2730001 0.001753 0.000877
2740001 0.001753 0.000877
2750001 0.001462 0.001461
2760001 0.001461 0.001461
2770001 0.001753 0.001169
2780001 0.001461 0.000876
2790001 0.001169 0.000877
2800001 0.001753 0.001169
2810001 0.001461 0.001169
2820001 0.002630 0.000877
2830001 0.001461 0.001169
2840001 0.001461 0.000877
2850001 0.001169 0.001169
2860001 0.001461 0.001461
2870001 0.001753 0.001169
2880001 0.001753 0.000877
2890001 0.001753 0.001169
2900001 0.002045 0.001462
2910001 0.001169 0.001462
2920001 0.001461 0.000584
2930001 0.001461 0.000584
2940001 0.001461 0.000877
2950001 0.001461 0.000585
2960001 0.001461 0.001169
2970001 0.002338 0.000876
2980001 0.001461 0.000585
2990001 0.001461 0.001169
3000001 0.001169 0.000877
3010001 0.001754 0.000877
3020001 0.001462 0.000876
3030001 0.001753 0.001753
3040001 0.001462 0.000876
3050001 0.002046 0.000876
3060001 0.001169 0.000877
3070001 0.001462 0.001168
3080001 0.001461 0.000877
3090001 0.001461 0.000876
3100001 0.001462 0.001168
3110001 0.001462 0.001168
3120001 0.001169 0.001462
3130001 0.002337 0.000584
3140001 0.001461 0.000877
3150001 0.001754 0.000877
3160001 0.001461 0.000877
3170001 0.001462 0.000876
3180001 0.001169 0.000585
3190001 0.000876 0.000877
3200001 0.001462 0.000876
3210001 0.002045 0.001169
3220001 0.001461 0.000877
3230001 0.014320 0.001169
3240001 0.001462 0.000876
3250001 0.001461 0.000877
3260001 0.001461 0.001169
3270001 0.001462 0.001461
3280001 0.001461 0.001169
3290001 0.002045 0.001169
3300001 0.001169 0.001169
3310001 0.001169 0.001169
3320001 0.001169 0.001461
3330001 0.001461 0.001169
3340001 0.001461 0.000876
3350001 0.001461 0.000585
3360001 0.001753 0.000585
3370001 0.001462 0.000584
3380001 0.001461 0.000877
3390001 0.001461 0.000877
3400001 0.001753 0.000877
3410001 0.015781 0.000877
3420001 0.014612 0.001169
3430001 0.001461 0.001169
3440001 0.002337 0.000584
3450001 0.003215 0.001461
3460001 0.001753 0.001169
3470001 0.001754 0.000876
3480001 0.001753 0.000877
3490001 0.001754 0.000877
3500001 0.001754 0.000877
3510001 0.001461 0.001169
3520001 0.002045 0.000877
3530001 0.001754 0.000876
3540001 0.001461 0.001169
3550001 0.001754 0.000876
3560001 0.001753 0.000877
3570001 0.001169 0.000585
3580001 0.001461 0.000877
3590001 0.001169 0.001169
3600001 0.002046 0.001461
3610001 0.001753 0.000877
3620001 0.001754 0.000877
3630001 0.001461 0.000877
3640001 0.001753 0.001169
3650001 0.001169 0.000877
3660001 0.001462 0.001169
3670001 0.001461 0.001461
3680001 0.001753 0.001169
3690001 0.001169 0.001461
3700001 0.002046 0.001169
3710001 0.001169 0.001169
3720001 0.001169 0.001169
3730001 0.001753 0.001169
3740001 0.001461 0.001461
3750001 0.002922 0.000585
3760001 0.001461 0.000877
3770001 0.001461 0.000877
3780001 0.001169 0.000584
3790001 0.001461 0.000877
3800001 0.001461 0.001169
3810001 0.001753 0.000877
3820001 0.004676 0.000877
3830001 0.001754 0.000876
3840001 0.001461 0.000877
3850001 0.001753 0.000877
3860001 0.001169 0.000876
3870001 0.001461 0.000877
3880001 0.001753 0.001462
3890001 0.001754 0.000877
3900001 0.001461 0.001169
3910001 0.001461 0.001169
3920001 0.001461 0.000585
3930001 0.001753 0.001169
3940001 0.001169 0.001169
3950001 0.001754 0.001169
3960001 0.001169 0.000877
3970001 0.001754 0.000876
3980001 0.001461 0.001169
3990001 0.001754 0.000877
4000001 0.001461 0.001169
4010001 0.001754 0.001169
4020001 0.001168 0.001462
4030001 0.002045 0.000877
4040001 0.001462 0.001169
4050001 0.001753 0.001169
4060001 0.001461 0.001169
4070001 0.002046 0.000876
4080001 0.001461 0.001169
4090001 0.001754 0.001169
4100001 0.001169 0.001461
4110001 0.001754 0.001168
4120001 0.001461 0.001169
4130001 0.001754 0.000877
4140001 0.001461 0.001169
4150001 0.002338 0.001169
4160001 0.001169 0.001461
4170001 0.001462 0.000584
4180001 0.001461 0.000585
4190001 0.001754 0.000876
4200001 0.001753 0.000877
4210001 0.001169 0.001169
4220001 0.002338 0.000877
4230001 0.001169 0.000584
4240001 0.002046 0.001168
4250001 0.001169 0.000877
4260001 0.002045 0.000877
4270001 0.001753 0.001169
4280001 0.001461 0.000877
4290001 0.001753 0.000877
4300001 0.001753 0.001169
4310001 0.001169 0.000877
4320001 0.001169 0.001168
4330001 0.001462 0.001169
4340001 0.001461 0.001169
4350001 0.001461 0.000877
4360001 0.001169 0.001169
4370001 0.001169 0.001461
4380001 0.002338 0.000877
4390001 0.001753 0.000877
4400001 0.001754 0.001169
4410001 0.001754 0.000876
4420001 0.001169 0.001169
4430001 0.001461 0.000877
4440001 0.001169 0.000585
4450001 0.001753 0.001169
4460001 0.001753 0.001169
4470001 0.001461 0.001169
4480001 0.001461 0.001169
4490001 0.001461 0.000877
4500001 0.001461 0.000877
4510001 0.001753 0.000877
4520001 0.001461 0.000877
4530001 0.001461 0.001169
4540001 0.002046 0.001169
4550001 0.001168 0.001169
4560001 0.001169 0.001169
4570001 0.001168 0.001169
4580001 0.001461 0.001169
4590001 0.001461 0.000585
4600001 0.001753 0.000877
4610001 0.002046 0.000876
4620001 0.001753 0.000877
4630001 0.001753 0.000877
4640001 0.001461 0.001169
4650001 0.001461 0.000877
4660001 0.001754 0.000877
4670001 0.014319 0.000877
4680001 0.001169 0.001753
4690001 0.002630 0.000585
4700001 0.001462 0.000877
4710001 0.002045 0.001169
4720001 0.001169 0.000877
4730001 0.001753 0.000877
4740001 0.001461 0.000877
4750001 0.001462 0.000876
4760001 0.001461 0.000876
4770001 0.002046 0.000877
4780001 0.001169 0.001169
4790001 0.001461 0.001461
4800001 0.001169 0.000877
4810001 0.001754 0.000876
4820001 0.001169 0.001169
4830001 0.001461 0.001169
4840001 0.001461 0.001461
4850001 0.001754 0.001461
4860001 0.001169 0.001169
4870001 0.001754 0.000876
4880001 0.001461 0.000877
4890001 0.001753 0.001169
4900001 0.001169 0.000876
4910001 0.001461 0.000877
4920001 0.001169 0.001169
4930001 0.002338 0.001169
4940001 0.001169 0.001461
4950001 0.001753 0.001169
4960001 0.001169 0.000877
4970001 0.002046 0.001169
4980001 0.001461 0.001169
4990001 0.001169 0.001461
5000001 0.003799 0.000292
5010001 0.001461 0.000876
5020001 0.002045 0.000877
5030001 0.000877 0.000877
5040001 0.001753 0.000585
5050001 0.001169 0.001169
5060001 0.001461 0.000877
5070001 0.001753 0.000877
5080001 0.002046 0.000876
5090001 0.001753 0.000877
5100001 0.001753 0.000877
5110001 0.001753 0.000877
5120001 0.001754 0.000876
5130001 0.001169 0.001169
5140001 0.001753 0.000877
5150001 0.001753 0.000877
5160001 0.002922 0.001169
5170001 0.001461 0.000877
5180001 0.001461 0.001169
5190001 0.001461 0.001169
5200001 0.003799 0.001169
5210001 0.001753 0.000585
5220001 0.001461 0.000877
5230001 0.001753 0.000877
5240001 0.001461 0.001169
5250001 0.001169 0.000877
5260001 0.001753 0.001169
5270001 0.001169 0.001461
5280001 0.002046 0.001169
5290001 0.001461 0.001169
5300001 0.001754 0.001461
5310001 0.001461 0.001169
5320001 0.002630 0.001169
5330001 0.001169 0.001169
5340001 0.001754 0.001169
5350001 0.001461 0.001169
5360001 0.001753 0.001169
5370001 0.001461 0.001169
5380001 0.001753 0.000877
5390001 0.001461 0.001169
5400001 0.002338 0.001169
5410001 0.001753 0.001754
5420001 0.002045 0.000585
5430001 0.001461 0.000877
5440001 0.001461 0.001169
5450001 0.001753 0.000585
5460001 0.001461 0.000877
5470001 0.002923 0.000876
5480001 0.001462 0.000876
5490001 0.001461 0.000877
5500001 0.001461 0.000877
5510001 0.001753 0.000877
5520001 0.001461 0.001169
5530001 0.001754 0.001169
5540001 0.001169 0.001169
5550001 0.001753 0.001169
5560001 0.001461 0.001169
5570001 0.001754 0.001169
5580001 0.001753 0.000877
5590001 0.001753 0.001169
5600001 0.001461 0.001169
5610001 0.001461 0.001169
5620001 0.001462 0.001168
5630001 0.002338 0.001461
5640001 0.002045 0.001462
5650001 0.001461 0.001169
5660001 0.002338 0.001461
5670001 0.001754 0.001169
5680001 0.001754 0.000876
5690001 0.001461 0.000585
5700001 0.001754 0.001169
5710001 0.002046 0.000877
5720001 0.001461 0.001169
5730001 0.001754 0.000877
5740001 0.001462 0.000876
5750001 0.001461 0.000877
5760001 0.001461 0.001169
5770001 0.001461 0.000877
5780001 0.001753 0.001169
5790001 0.002630 0.000877
5800001 0.001168 0.002338
5810001 0.002338 0.001461
5820001 0.001754 0.001461
5830001 0.001753 0.001169
5840001 0.001753 0.000877
5850001 0.001462 0.000876
5860001 0.002045 0.000584
5870001 0.001753 0.000877
5880001 0.001461 0.000876
5890001 0.001461 0.000876
5900001 0.002046 0.000877
5910001 0.001461 0.001169
5920001 0.001753 0.000877
5930001 0.001753 0.001169
5940001 0.002922 0.000877
5950001 0.001169 0.001169
5960001 0.001753 0.000877
5970001 0.001461 0.000877
5980001 0.002045 0.001169
5990001 0.001461 0.000585
6000001 0.001461 0.000877
6010001 0.001169 0.000876
6020001 0.002338 0.001169
6030001 0.001169 0.001169
6040001 0.001753 0.001169
6050001 0.001753 0.001169
6060001 0.001754 0.001169
6070001 0.001461 0.001169
6080001 0.002923 0.001169
6090001 0.001461 0.001169
6100001 0.002046 0.001461
6110001 0.001462 0.000876
6120001 0.001754 0.001169
6130001 0.001169 0.001168
6140001 0.001753 0.000877
6150001 0.001169 0.000877
6160001 0.001169 0.000876
6170001 0.001169 0.001169
6180001 0.002046 0.000877
6190001 0.002045 0.000877
6200001 0.001461 0.001461
6210001 0.001169 0.000876
6220001 0.001753 0.001169
6230001 0.001169 0.001169
6240001 0.001461 0.001461
6250001 0.003215 0.000292
6260001 0.002046 0.000877
6270001 0.001461 0.000877
6280001 0.001461 0.000584
6290001 0.001753 0.000585
6300001 0.001461 0.001169
6310001 0.002046 0.000876
6320001 0.001462 0.000876
6330001 0.001461 0.000877
6340001 0.002046 0.001169
6350001 0.001753 0.001169
6360001 0.001169 0.000877
6370001 0.001754 0.001168
6380001 0.001461 0.001169
6390001 0.001461 0.000877
6400001 0.001461 0.000877
6410001 0.002338 0.000877
6420001 0.001169 0.000876
6430001 0.001169 0.001169
6440001 0.001461 0.001169
6450001 0.001462 0.001169
6460001 0.001169 0.000584
6470001 0.001753 0.000877
6480001 0.001169 0.001169
6490001 0.002046 0.000876
6500001 0.001169 0.001461
6510001 0.001753 0.001169
6520001 0.001461 0.001169
6530001 0.002045 0.000877
6540001 0.001461 0.001169
6550001 0.002046 0.000877
6560001 0.001169 0.001169
6570001 0.002045 0.000877
6580001 0.001169 0.000876
6590001 0.001753 0.001169
6600001 0.001461 0.000877
6610001 0.001753 0.001169
6620001 0.001169 0.000877
6630001 0.001169 0.002338
6640001 0.001753 0.002046
6650001 0.001461 0.001169
6660001 0.001461 0.001461
6670001 0.001754 0.000584
6680001 0.001754 0.000584
6690001 0.001461 0.001169
6700001 0.002046 0.000877
6710001 0.001754 0.000877
6720001 0.002337 0.000877
6730001 0.001168 0.000877
6740001 0.001462 0.000876
6750001 0.001461 0.000877
6760001 0.001754 0.000877
6770001 0.001461 0.001169
6780001 0.001753 0.001169
6790001 0.001461 0.001169
6800001 0.001753 0.000877
6810001 0.001462 0.001168
6820001 0.001753 0.000877
6830001 0.001461 0.001169
6840001 0.001753 0.001169
6850001 0.001461 0.001169
6860001 0.001461 0.002630
6870001 0.001169 0.001461
6880001 0.002923 0.000876
6890001 0.001461 0.001169
6900001 0.001753 0.000877
6910001 0.001169 0.001169
6920001 0.001754 0.001169
6930001 0.001753 0.000585
6940001 0.001169 0.000585
6950001 0.001169 0.000877
6960001 0.001754 0.001461
6970001 0.001754 0.001169
6980001 0.001461 0.000876
6990001 0.001754 0.000876
7000001 0.001461 0.001169
7010001 0.001461 0.001169
7020001 0.001168 0.000876
7030001 0.001754 0.001168
7040001 0.002046 0.000877
7050001 0.004092 0.003507
7060001 0.002631 0.002046
7070001 0.001462 0.001169
7080001 0.001461 0.001461
7090001 0.001461 0.000877
7100001 0.002046 0.000876
7110001 0.001461 0.000585
7120001 0.001462 0.000876
7130001 0.001461 0.000877
7140001 0.001461 0.000877
7150001 0.002046 0.000585
7160001 0.001462 0.000876
7170001 0.001462 0.000877
7180001 0.001462 0.001168
7190001 0.002630 0.000876
7200001 0.001169 0.000877
7210001 0.001753 0.001169
7220001 0.001461 0.000877
7230001 0.001461 0.001169
7240001 0.001462 0.000876
7250001 0.001753 0.000876
7260001 0.015781 0.001169
7270001 0.002630 0.001169
7280001 0.001461 0.001169
7290001 0.001461 0.005553
7300001 0.002630 0.001462
7310001 0.002045 0.001169
7320001 0.001461 0.000877
7330001 0.001461 0.001169
7340001 0.001169 0.000877
7350001 0.002338 0.001169
7360001 0.001461 0.000876
7370001 0.001753 0.001169
7380001 0.001169 0.001169
7390001 0.001461 0.001169
7400001 0.001461 0.000876
7410001 0.001461 0.000877
7420001 0.001169 0.000876
7430001 0.001754 0.001169
7440001 0.001169 0.000877
7450001 0.001754 0.001169
7460001 0.001168 0.001169
7470001 0.001462 0.001169
7480001 0.001169 0.001461
7490001 0.001169 0.001169
7500001 0.003507 0.000292
7510001 0.002046 0.000585
7520001 0.001461 0.000877
7530001 0.001754 0.000584
7540001 0.001461 0.000585
7550001 0.001462 0.000876
7560001 0.001461 0.000877
7570001 0.001754 0.001169
7580001 0.001461 0.000877
7590001 0.001461 0.001461
7600001 0.001753 0.000877
7610001 0.002046 0.001461
7620001 0.002046 0.000877
7630001 0.001754 0.001169
7640001 0.001753 0.000877
7650001 0.004091 0.001169
7660001 0.002046 0.001169
7670001 0.002046 0.001169
7680001 0.001753 0.000877
7690001 0.001169 0.001169
7700001 0.001753 0.001461
7710001 0.001753 0.000877
7720001 0.001753 0.000877
7730001 0.002046 0.000877
7740001 0.002338 0.002338
7750001 0.001461 0.001169
7760001 0.002338 0.001169
7770001 0.001753 0.001169
7780001 0.002338 0.001169
7790001 0.001461 0.001169
7800001 0.002045 0.001462
7810001 0.001461 0.001169
7820001 0.002630 0.001461
7830001 0.002046 0.001169
7840001 0.001753 0.001169
7850001 0.001461 0.001461
7860001 0.001753 0.001169
7870001 0.001461 0.001169
7880001 0.001753 0.001169
7890001 0.001462 0.001169
7900001 0.002630 0.001461
7910001 0.001461 0.001753
7920001 0.002923 0.001169
7930001 0.002046 0.000877
7940001 0.002338 0.001169
7950001 0.002338 0.000877
7960001 0.001461 0.001169
7970001 0.002045 0.000585
7980001 0.001169 0.000877
7990001 0.001754 0.000877
8000001 0.001169 0.000876
8010001 0.002046 0.000876
8020001 0.001461 0.000877
8030001 0.001753 0.000877
8040001 0.001169 0.000877
8050001 0.002046 0.001169
8060001 0.001462 0.000584
8070001 0.001461 0.001461
8080001 0.001461 0.000877
8090001 0.001753 0.000877
8100001 0.002046 0.000877
8110001 0.001753 0.001169
8120001 0.001169 0.001461
8130001 0.002046 0.001169
8140001 0.001753 0.000877
8150001 0.001461 0.000877
8160001 0.001169 0.001169
8170001 0.001462 0.000877
8180001 0.001462 0.001168
8190001 0.001169 0.000585
8200001 0.001462 0.001168
8210001 0.001754 0.000877
8220001 0.001753 0.000877
8230001 0.001754 0.000584
8240001 0.001168 0.001169
8250001 0.001461 0.001169
8260001 0.001461 0.000877
8270001 0.001461 0.000877
8280001 0.001462 0.001461
8290001 0.002046 0.000877
8300001 0.001462 0.001168
8310001 0.001461 0.001169
8320001 0.001461 0.001462
8330001 0.013443 0.001169
8340001 0.002045 0.000585
8350001 0.002338 0.001169
8360001 0.003215 0.001169
8370001 0.001169 0.000876
8380001 0.002922 0.000877
8390001 0.001461 0.000877
8400001 0.001461 0.000585
8410001 0.002923 0.002338
8420001 0.001461 0.001169
8430001 0.001168 0.001462
8440001 0.002630 0.001169
8450001 0.001461 0.001169
8460001 0.001753 0.001169
8470001 0.001461 0.000877
8480001 0.001754 0.001169
8490001 0.001461 0.000877
8500001 0.001169 0.001169
8510001 0.001461 0.000877
8520001 0.001753 0.001169
8530001 0.001169 0.001169
8540001 0.001461 0.000877
8550001 0.001461 0.000584
8560001 0.001753 0.001169
8570001 0.001461 0.000877
8580001 0.001461 0.001169
8590001 0.001461 0.000877
8600001 0.002046 0.001169
8610001 0.001169 0.000876
8620001 0.001753 0.000877
8630001 0.001169 0.000877
8640001 0.001754 0.000877
8650001 0.001461 0.000877
8660001 0.001462 0.000876
8670001 0.001461 0.000877
8680001 0.002046 0.001169
8690001 0.001461 0.001169
8700001 0.001754 0.000876
8710001 0.001169 0.001169
8720001 0.001754 0.001461
8730001 0.001461 0.001169
8740001 0.001462 0.001168
8750001 0.003507 0.000585
8760001 0.001753 0.000585
8770001 0.001169 0.001169
8780001 0.001169 0.000585
8790001 0.001462 0.000876
8800001 0.001461 0.000877
8810001 0.001461 0.001169
8820001 0.001461 0.000877
8830001 0.001753 0.000877
8840001 0.001753 0.001169
8850001 0.001754 0.000877
8860001 0.001169 0.000876
8870001 0.001753 0.001169
8880001 0.001461 0.001169
8890001 0.001461 0.000877
8900001 0.001754 0.000877
8910001 0.002046 0.000876
8920001 0.001169 0.000585
8930001 0.001461 0.000877
8940001 0.001462 0.000876
8950001 0.001461 0.001461
8960001 0.001753 0.000585
8970001 0.001753 0.000585
8980001 0.001461 0.000877
8990001 0.001753 0.000877
9000001 0.001169 0.000877
9010001 0.001461 0.001461
9020001 0.001753 0.000877
9030001 0.001754 0.000876
9040001 0.001754 0.000877
9050001 0.001461 0.000877
9060001 0.001462 0.001168
9070001 0.002046 0.000877
9080001 0.001461 0.001169
9090001 0.001461 0.001461
9100001 0.001169 0.001461
9110001 0.002046 0.001169
9120001 0.001461 0.001169
9130001 0.001753 0.001169
9140001 0.001461 0.001461
9150001 0.001753 0.001169
9160001 0.001169 0.001461
9170001 0.002046 0.000876
9180001 0.001754 0.000584
9190001 0.001754 0.000876
9200001 0.001461 0.000584
9210001 0.001169 0.000877
9220001 0.002338 0.000584
9230001 0.002922 0.001461
9240001 0.002045 0.001753
9250001 0.001169 0.001169
9260001 0.001753 0.001461
9270001 0.002046 0.001169
9280001 0.001461 0.001169
9290001 0.001461 0.001169
9300001 0.002630 0.001169
9310001 0.001461 0.000877
9320001 0.001461 0.001169
9330001 0.001754 0.001169
9340001 0.002046 0.001169
9350001 0.001461 0.001169
9360001 0.001753 0.001169
9370001 0.001461 0.001169
9380001 0.002923 0.000876
9390001 0.001461 0.000877
9400001 0.001461 0.000877
9410001 0.001754 0.001461
9420001 0.002046 0.001169
9430001 0.001461 0.000877
9440001 0.001169 0.000584
9450001 0.001169 0.000877
9460001 0.002045 0.001168
9470001 0.001754 0.000876
9480001 0.002045 0.001169
9490001 0.001461 0.000877
9500001 0.001461 0.001461
9510001 0.001753 0.000877
9520001 0.001461 0.000877
9530001 0.002046 0.001461
9540001 0.002338 0.001169
9550001 0.001753 0.001169
9560001 0.001461 0.000877
9570001 0.001169 0.001461
9580001 0.001754 0.001169
9590001 0.001754 0.000876
9600001 0.002338 0.001168
9610001 0.107544 0.000877
9620001 0.002338 0.001461
9630001 0.002338 0.001169
9640001 0.001169 0.000877
9650001 0.002045 0.000877
9660001 0.002046 0.001169
9670001 0.001753 0.001169
9680001 0.001169 0.001462
9690001 0.002630 0.000877
9700001 0.001753 0.000877
9710001 0.001461 0.000877
9720001 0.001753 0.000585
9730001 0.001753 0.000877
9740001 0.001461 0.000585
9750001 0.001461 0.000876
9760001 0.001754 0.000876
9770001 0.002338 0.001169
9780001 0.002046 0.001461
9790001 0.001462 0.001461
9800001 0.001461 0.000876
9810001 0.001754 0.000876
9820001 0.001461 0.000877
9830001 0.001753 0.001169
9840001 0.001169 0.000877
9850001 0.002045 0.001169
9860001 0.001462 0.001169
9870001 0.002338 0.001168
9880001 0.001754 0.001169
9890001 0.002046 0.000877
9900001 0.001462 0.001168
9910001 0.001461 0.000876
9920001 0.001169 0.001169
9930001 0.002046 0.000876
9940001 0.001461 0.001169
9950001 0.001462 0.000877
9960001 0.001462 0.001168
9970001 0.004383 0.001461
9980001 0.001753 0.001461
9990001 0.001461 0.001462
