1 0.000000 0.000000
1001 0.000000 0.000000
2001 0.000000 0.000000
3001 0.000000 0.001000
4001 0.000000 0.000000
5001 0.000000 0.000000
6001 0.000000 0.000000
7001 0.000000 0.000000
8001 0.000000 0.000000
9001 0.000000 0.000000
10001 0.000000 0.000000
11001 0.000000 0.000000
12001 0.000000 0.000000
13001 0.001000 0.000000
14001 0.000000 0.000000
15001 0.000000 0.000000
16001 0.000000 0.001000
17001 0.000000 0.000000
18001 0.000000 0.000000
19001 0.001000 0.000000
20001 0.000000 0.000000
21001 0.000000 0.000000
22001 0.000000 0.001000
23001 0.000000 0.000000
24001 0.000000 0.000000
25001 0.000000 0.000000
26001 0.000000 0.000000
27001 0.000000 0.000000
28001 0.000000 0.000000
29001 0.000000 0.000000
30001 0.000000 0.001000
31001 0.000000 0.000000
32001 0.000000 0.001000
33001 0.000000 0.000000
34001 0.000000 0.001000
35001 0.000000 0.000000
36001 0.000000 0.000000
37001 0.001000 0.000000
38001 0.000000 0.000000
39001 0.000000 0.001000
40001 0.000000 0.000000
41001 0.000000 0.001000
42001 0.000000 0.000000
43001 0.000000 0.000000
44001 0.001000 0.000000
45001 0.000000 0.000000
46001 0.001000 0.000000
47001 0.000000 0.000000
48001 0.001000 0.000000
49001 0.000000 0.000000
50001 0.000000 0.000000
51001 0.000000 0.000000
52001 0.000000 0.000000
53001 0.000000 0.001000
54001 0.000000 0.000000
55001 0.001000 0.000000
56001 0.000000 0.000000
57001 0.000000 0.001000
58001 0.000000 0.000000
59001 0.000000 0.001000
60001 0.000000 0.000000
61001 0.001000 0.000000
62001 0.000000 0.000000
63001 0.001000 0.000000
64001 0.000000 0.001000
65001 0.000000 0.000000
66001 0.001000 0.000000
67001 0.000000 0.001000
68001 0.000000 0.000000
69001 0.000000 0.000000
70001 0.001000 0.000000
71001 0.000000 0.001000
72001 0.000000 0.000000
73001 0.000000 0.000000
74001 0.001000 0.000000
75001 0.000000 0.001000
76001 0.000000 0.000000
77001 0.001000 0.001000
78001 0.000000 0.000000
79001 0.000000 0.000000
80001 0.001000 0.000000
81001 0.001000 0.000000
82001 0.000000 0.001000
83001 0.000000 0.001000
84001 0.000000 0.001000
85001 0.000000 0.000000
86001 0.000000 0.000000
87001 0.000000 0.000000
88001 0.000000 0.000000
89001 0.002000 0.001000
90001 0.000000 0.000000
91001 0.000000 0.001000
92001 0.000000 0.000000
93001 0.000000 0.000000
94001 0.000000 0.000000
95001 0.000000 0.000000
96001 0.000000 0.000000
97001 0.000000 0.000000
98001 0.000000 0.001000
99001 0.001000 0.000000
100001 0.001000 0.000000
101001 0.001000 0.000000
102001 0.000000 0.000000
103001 0.000000 0.001000
104001 0.000000 0.001000
105001 0.000000 0.001000
106001 0.001000 0.000000
107001 0.000000 0.000000
108001 0.001000 0.000000
109001 0.000000 0.000000
110001 0.001000 0.000000
111001 0.000000 0.001000
112001 0.000000 0.000000
113001 0.000000 0.000000
114001 0.001000 0.000000
115001 0.000000 0.001000
116001 0.001000 0.000000
117001 0.000000 0.001000
118001 0.000000 0.000000
119001 0.000000 0.000000
120001 0.001000 0.000000
121001 0.000000 0.001000
122001 0.000000 0.000000
123001 0.001000 0.000000
124001 0.001000 0.000000
125001 0.000000 0.001000
126001 0.000000 0.001000
127001 0.000000 0.000000
128001 0.000000 0.000000
129001 0.001000 0.000000
130001 0.001000 0.000000
131001 0.000000 0.001000
132001 0.000000 0.001000
133001 0.000000 0.000000
134001 0.000000 0.000000
135001 0.001000 0.000000
136001 0.001000 0.000000
137001 0.001000 0.000000
138001 0.000000 0.001000
139001 0.000000 0.001000
140001 0.000000 0.001000
141001 0.000000 0.001000
142001 0.000000 0.001000
143001 0.000000 0.000000
144001 0.000000 0.000000
145001 0.001000 0.001000
146001 0.000000 0.001000
147001 0.000000 0.001000
148001 0.001000 0.000000
149001 0.000000 0.000000
150001 0.000000 0.000000
151001 0.000000 0.000000
152001 0.000000 0.001000
153001 0.000000 0.001000
154001 0.000000 0.001000
155001 0.000000 0.001000
156001 0.000000 0.001000
157001 0.000000 0.001000
158001 0.000000 0.001000
159001 0.000000 0.001000
160001 0.001000 0.000000
161001 0.001000 0.000000
162001 0.001000 0.000000
163001 0.001000 0.000000
164001 0.001000 0.000000
165001 0.000000 0.000000
166001 0.000000 0.001000
167001 0.000000 0.001000
168001 0.000000 0.001000
169001 0.001000 0.000000
170001 0.001000 0.000000
171001 0.001000 0.000000
172001 0.000000 0.002000
173001 0.001000 0.000000
174001 0.001000 0.000000
175001 0.001000 0.000000
176001 0.000000 0.001000
177001 0.000000 0.001000
178001 0.001000 0.000000
179001 0.000000 0.001000
180001 0.001000 0.000000
181001 0.000000 0.002000
182001 0.000000 0.001000
183001 0.000000 0.001000
184001 0.001000 0.000000
185001 0.001000 0.000000
186001 0.000000 0.001000
187001 0.001000 0.000000
188001 0.000000 0.001000
189001 0.000000 0.001000
190001 0.001000 0.000000
191001 0.000000 0.001000
192001 0.001000 0.000000
193001 0.001000 0.001000
194001 0.000000 0.002000
195001 0.000000 0.001000
196001 0.001000 0.000000
197001 0.001000 0.000000
198001 0.000000 0.001000
199001 0.001000 0.000000
200001 0.001000 0.001000
201001 0.000000 0.001000
202001 0.000000 0.001000
203001 0.001000 0.001000
204001 0.001000 0.000000
205001 0.001000 0.000000
206001 0.000000 0.001000
207001 0.001000 0.000000
208001 0.001000 0.001000
209001 0.001000 0.000000
210001 0.001000 0.001000
211001 0.001000 0.000000
212001 0.000000 0.001000
213001 0.001000 0.000000
214001 0.000000 0.001000
215001 0.001000 0.000000
216001 0.000000 0.001000
217001 0.001000 0.000000
218001 0.001000 0.001000
219001 0.000000 0.001000
220001 0.001000 0.001000
221001 0.001000 0.000000
222001 0.001000 0.001000
223001 0.001000 0.000000
224001 0.001000 0.001000
225001 0.001000 0.000000
226001 0.000000 0.001000
227001 0.001000 0.001000
228001 0.001000 0.001000
229001 0.001000 0.001000
230001 0.001000 0.000000
231001 0.000000 0.001000
232001 0.001000 0.001000
233001 0.001000 0.001000
234001 0.001000 0.000000
235001 0.000000 0.001000
236001 0.001000 0.001000
237001 0.001000 0.001000
238001 0.001000 0.001000
239001 0.000000 0.001000
240001 0.001000 0.001000
241001 0.001000 0.000000
242001 0.001000 0.002000
243001 0.001000 0.001000
244001 0.001000 0.001000
245001 0.002000 0.001000
246001 0.001000 0.001000
247001 0.001000 0.001000
248001 0.001000 0.001000
249001 0.001000 0.001000
250001 0.001000 0.001000
251001 0.001000 0.001000
252001 0.001000 0.001000
253001 0.001000 0.001000
254001 0.001000 0.001000
255001 0.001000 0.001000
256001 0.001000 0.000000
257001 0.001000 0.001000
258001 0.001000 0.000000
259001 0.000000 0.001000
260001 0.001000 0.001000
261001 0.000000 0.001000
262001 0.001000 0.001000
263001 0.001000 0.001000
264001 0.001000 0.001000
265001 0.001000 0.001000
266001 0.001000 0.001000
267001 0.001000 0.001000
268001 0.001000 0.001000
269001 0.001000 0.001000
270001 0.001000 0.001000
271001 0.001000 0.001000
272001 0.002000 0.000000
273001 0.000000 0.001000
274001 0.000000 0.001000
275001 0.001000 0.001000
276001 0.001000 0.001000
277001 0.001000 0.001000
278001 0.001000 0.001000
279001 0.001000 0.000000
280001 0.000000 0.001000
281001 0.000000 0.001000
282001 0.001000 0.001000
283001 0.001000 0.001000
284001 0.001000 0.001000
285001 0.002000 0.001000
286001 0.001000 0.000000
287001 0.001000 0.001000
288001 0.001000 0.001000
289001 0.001000 0.001000
290001 0.001000 0.001000
291001 0.001000 0.001000
292001 0.000000 0.001000
293001 0.000000 0.001000
294001 0.001000 0.001000
295001 0.001000 0.001000
296001 0.001000 0.000000
297001 0.001000 0.001000
298001 0.001000 0.001000
299001 0.001000 0.001000
300001 0.001000 0.001000
301001 0.001000 0.001000
302001 0.001000 0.001000
303001 0.001000 0.001000
304001 0.001000 0.001000
305001 0.001000 0.001000
306001 0.001000 0.001000
307001 0.000000 0.001000
308001 0.000000 0.001000
309001 0.000000 0.001000
310001 0.000000 0.001000
311001 0.001000 0.000000
312001 0.001000 0.001000
313001 0.001000 0.001000
314001 0.001000 0.001000
315001 0.001000 0.001000
316001 0.001000 0.001000
317001 0.000000 0.001000
318001 0.000000 0.001000
319001 0.001000 0.000000
320001 0.001000 0.005000
321001 0.001000 0.005000
322001 0.001000 0.001000
323001 0.001000 0.001000
324001 0.001000 0.000000
325001 0.001000 0.002000
326001 0.002000 0.001000
327001 0.001000 0.001000
328001 0.001000 0.001000
329001 0.000000 0.001000
330001 0.002000 0.001000
331001 0.001000 0.001000
332001 0.001000 0.001000
333001 0.001000 0.001000
334001 0.001000 0.001000
335001 0.002000 0.001000
336001 0.001000 0.001000
337001 0.001000 0.001000
338001 0.001000 0.001000
339001 0.002000 0.001000
340001 0.001000 0.001000
341001 0.000000 0.001000
342001 0.000000 0.001000
343001 0.001000 0.001000
344001 0.001000 0.001000
345001 0.001000 0.000000
346001 0.001000 0.001000
347001 0.001000 0.001000
348001 0.002000 0.001000
349001 0.001000 0.001000
350001 0.001000 0.001000
351001 0.002000 0.001000
352001 0.001000 0.004000
353001 0.001000 0.001000
354001 0.001000 0.001000
355001 0.001000 0.002000
356001 0.001000 0.001000
357001 0.001000 0.002000
358001 0.001000 0.001000
359001 0.001000 0.002000
360001 0.002000 0.001000
361001 0.001000 0.001000
362001 0.001000 0.001000
363001 0.001000 0.001000
364001 0.001000 0.001000
365001 0.001000 0.001000
366001 0.002000 0.001000
367001 0.001000 0.001000
368001 0.001000 0.001000
369001 0.001000 0.002000
370001 0.001000 0.001000
371001 0.001000 0.001000
372001 0.001000 0.001000
373001 0.000000 0.002000
374001 0.001000 0.001000
375001 0.001000 0.001000
376001 0.001000 0.001000
377001 0.001000 0.001000
378001 0.002000 0.001000
379001 0.001000 0.001000
380001 0.001000 0.001000
381001 0.001000 0.001000
382001 0.001000 0.001000
383001 0.001000 0.001000
384001 0.001000 0.000000
385001 0.002000 0.002000
386001 0.001000 0.001000
387001 0.001000 0.001000
388001 0.001000 0.001000
389001 0.001000 0.001000
390001 0.001000 0.001000
391001 0.001000 0.001000
392001 0.001000 0.001000
393001 0.001000 0.001000
394001 0.001000 0.001000
395001 0.001000 0.001000
396001 0.000000 0.002000
397001 0.001000 0.001000
398001 0.001000 0.001000
399001 0.001000 0.001000
400001 0.001000 0.002000
401001 0.001000 0.001000
402001 0.001000 0.002000
403001 0.001000 0.001000
404001 0.001000 0.001000
405001 0.001000 0.001000
406001 0.002000 0.001000
407001 0.001000 0.002000
408001 0.001000 0.002000
409001 0.001000 0.003000
410001 0.001000 0.001000
411001 0.001000 0.001000
412001 0.001000 0.001000
413001 0.001000 0.002000
414001 0.001000 0.001000
415001 0.001000 0.001000
416001 0.001000 0.001000
417001 0.001000 0.001000
418001 0.001000 0.001000
419001 0.001000 0.001000
420001 0.001000 0.001000
421001 0.001000 0.002000
422001 0.001000 0.001000
423001 0.001000 0.001000
424001 0.001000 0.001000
425001 0.001000 0.001000
426001 0.001000 0.001000
427001 0.001000 0.001000
428001 0.001000 0.001000
429001 0.002000 0.002000
430001 0.001000 0.003000
431001 0.002000 0.002000
432001 0.002000 0.003000
433001 0.001000 0.004000
434001 0.003000 0.003000
435001 0.001000 0.002000
436001 0.003000 0.004000
437001 0.007000 0.002000
438001 0.001000 0.002000
439001 0.002000 0.001000
440001 0.002000 0.001000
441001 0.002000 0.001000
442001 0.001000 0.001000
443001 0.001000 0.001000
444001 0.001000 0.001000
445001 0.001000 0.001000
446001 0.001000 0.002000
447001 0.001000 0.002000
448001 0.002000 0.002000
449001 0.005000 0.002000
450001 0.001000 0.002000
451001 0.001000 0.002000
452001 0.002000 0.001000
453001 0.001000 0.002000
454001 0.001000 0.019000
455001 0.001000 0.002000
456001 0.001000 0.002000
457001 0.001000 0.002000
458001 0.002000 0.001000
459001 0.002000 0.001000
460001 0.001000 0.001000
461001 0.002000 0.001000
462001 0.002000 0.001000
463001 0.003000 0.001000
464001 0.001000 0.002000
465001 0.001000 0.002000
466001 0.002000 0.001000
467001 0.002000 0.001000
468001 0.002000 0.001000
469001 0.001000 0.001000
470001 0.001000 0.001000
471001 0.001000 0.002000
472001 0.002000 0.001000
473001 0.001000 0.001000
474001 0.001000 0.002000
475001 0.001000 0.002000
476001 0.001000 0.001000
477001 0.002000 0.001000
478001 0.001000 0.001000
479001 0.001000 0.001000
480001 0.001000 0.002000
481001 0.002000 0.001000
482001 0.001000 0.001000
483001 0.001000 0.002000
484001 0.001000 0.002000
485001 0.002000 0.001000
486001 0.002000 0.001000
487001 0.001000 0.002000
488001 0.003000 0.003000
489001 0.007000 0.003000
490001 0.004000 0.003000
491001 0.002000 0.002000
492001 0.003000 0.002000
493001 0.002000 0.003000
494001 0.002000 0.002000
495001 0.002000 0.002000
496001 0.002000 0.002000
497001 0.002000 0.003000
498001 0.002000 0.002000
499001 0.002000 0.002000
500001 0.002000 0.002000
501001 0.002000 0.001000
502001 0.003000 0.001000
503001 0.001000 0.001000
504001 0.001000 0.002000
505001 0.002000 0.001000
506001 0.001000 0.001000
507001 0.001000 0.002000
508001 0.002000 0.001000
509001 0.001000 0.001000
510001 0.001000 0.002000
511001 0.002000 0.001000
512001 0.001000 0.002000
513001 0.001000 0.001000
514001 0.002000 0.002000
515001 0.002000 0.001000
516001 0.001000 0.002000
517001 0.001000 0.002000
518001 0.002000 0.002000
519001 0.002000 0.001000
520001 0.001000 0.002000
521001 0.001000 0.002000
522001 0.002000 0.002000
523001 0.002000 0.001000
524001 0.001000 0.002000
525001 0.002000 0.002000
526001 0.002000 0.000000
527001 0.001000 0.002000
528001 0.002000 0.001000
529001 0.001000 0.002000
530001 0.002000 0.001000
531001 0.001000 0.002000
532001 0.002000 0.001000
533001 0.002000 0.001000
534001 0.002000 0.001000
535001 0.002000 0.001000
536001 0.002000 0.001000
537001 0.001000 0.002000
538001 0.002000 0.003000
539001 0.002000 0.001000
540001 0.002000 0.002000
541001 0.002000 0.001000
542001 0.002000 0.002000
543001 0.002000 0.002000
544001 0.002000 0.002000
545001 0.002000 0.002000
546001 0.002000 0.001000
547001 0.001000 0.001000
548001 0.001000 0.002000
549001 0.002000 0.001000
550001 0.001000 0.001000
551001 0.001000 0.002000
552001 0.001000 0.002000
553001 0.001000 0.002000
554001 0.002000 0.001000
555001 0.002000 0.001000
556001 0.002000 0.001000
557001 0.001000 0.002000
558001 0.002000 0.001000
559001 0.001000 0.002000
560001 0.002000 0.002000
561001 0.002000 0.001000
562001 0.002000 0.001000
563001 0.002000 0.001000
564001 0.002000 0.001000
565001 0.002000 0.001000
566001 0.002000 0.002000
567001 0.002000 0.002000
568001 0.002000 0.002000
569001 0.002000 0.001000
570001 0.002000 0.001000
571001 0.002000 0.001000
572001 0.001000 0.003000
573001 0.003000 0.002000
574001 0.002000 0.002000
575001 0.003000 0.002000
576001 0.002000 0.003000
577001 0.002000 0.003000
578001 0.003000 0.003000
579001 0.002000 0.003000
580001 0.003000 0.002000
581001 0.003000 0.002000
582001 0.003000 0.002000
583001 0.003000 0.002000
584001 0.003000 0.003000
585001 0.003000 0.002000
586001 0.002000 0.002000
587001 0.002000 0.003000
588001 0.002000 0.003000
589001 0.003000 0.003000
590001 0.003000 0.002000
591001 0.002000 0.003000
592001 0.003000 0.001000
593001 0.002000 0.001000
594001 0.002000 0.001000
595001 0.002000 0.002000
596001 0.002000 0.001000
597001 0.001000 0.002000
598001 0.002000 0.002000
599001 0.002000 0.001000
600001 0.002000 0.002000
601001 0.002000 0.002000
602001 0.002000 0.002000
603001 0.001000 0.002000
604001 0.002000 0.002000
605001 0.002000 0.002000
606001 0.001000 0.002000
607001 0.002000 0.002000
608001 0.002000 0.002000
609001 0.002000 0.002000
610001 0.001000 0.002000
611001 0.002000 0.002000
612001 0.002000 0.002000
613001 0.002000 0.002000
614001 0.001000 0.002000
615001 0.002000 0.001000
616001 0.002000 0.001000
617001 0.002000 0.001000
618001 0.002000 0.001000
619001 0.001000 0.002000
620001 0.002000 0.002000
621001 0.003000 0.002000
622001 0.002000 0.002000
623001 0.002000 0.002000
624001 0.001000 0.002000
625001 0.002000 0.001000
626001 0.002000 0.002000
627001 0.003000 0.002000
628001 0.002000 0.002000
629001 0.003000 0.001000
630001 0.002000 0.002000
631001 0.001000 0.002000
632001 0.002000 0.002000
633001 0.002000 0.002000
634001 0.003000 0.001000
635001 0.003000 0.001000
636001 0.003000 0.002000
637001 0.002000 0.002000
638001 0.002000 0.002000
639001 0.001000 0.002000
640001 0.002000 0.001000
641001 0.004000 0.002000
642001 0.003000 0.002000
643001 0.001000 0.002000
644001 0.002000 0.001000
645001 0.002000 0.002000
646001 0.002000 0.002000
647001 0.002000 0.002000
648001 0.002000 0.001000
649001 0.002000 0.002000
650001 0.002000 0.001000
651001 0.002000 0.002000
652001 0.002000 0.002000
653001 0.002000 0.003000
654001 0.001000 0.003000
655001 0.002000 0.003000
656001 0.002000 0.002000
657001 0.002000 0.002000
658001 0.002000 0.002000
659001 0.003000 0.002000
660001 0.002000 0.002000
661001 0.002000 0.002000
662001 0.002000 0.001000
663001 0.002000 0.002000
664001 0.002000 0.002000
665001 0.002000 0.002000
666001 0.002000 0.002000
667001 0.002000 0.002000
668001 0.002000 0.002000
669001 0.002000 0.002000
670001 0.002000 0.002000
671001 0.002000 0.002000
672001 0.002000 0.002000
673001 0.002000 0.002000
674001 0.002000 0.002000
675001 0.002000 0.002000
676001 0.002000 0.003000
677001 0.002000 0.002000
678001 0.001000 0.003000
679001 0.001000 0.002000
680001 0.002000 0.002000
681001 0.002000 0.002000
682001 0.002000 0.002000
683001 0.002000 0.002000
684001 0.001000 0.003000
685001 0.002000 0.002000
686001 0.001000 0.002000
687001 0.002000 0.002000
688001 0.001000 0.003000
689001 0.002000 0.002000
690001 0.001000 0.003000
691001 0.002000 0.002000
692001 0.002000 0.002000
693001 0.002000 0.002000
694001 0.002000 0.002000
695001 0.002000 0.001000
696001 0.002000 0.002000
697001 0.002000 0.002000
698001 0.002000 0.003000
699001 0.002000 0.002000
700001 0.002000 0.001000
701001 0.002000 0.002000
702001 0.002000 0.002000
703001 0.003000 0.001000
704001 0.002000 0.002000
705001 0.002000 0.002000
706001 0.002000 0.003000
707001 0.003000 0.001000
708001 0.002000 0.003000
709001 0.002000 0.002000
710001 0.002000 0.002000
711001 0.002000 0.002000
712001 0.002000 0.002000
713001 0.003000 0.002000
714001 0.002000 0.002000
715001 0.002000 0.002000
716001 0.003000 0.002000
717001 0.002000 0.002000
718001 0.002000 0.002000
719001 0.002000 0.002000
720001 0.003000 0.002000
721001 0.002000 0.002000
722001 0.002000 0.002000
723001 0.002000 0.002000
724001 0.004000 0.002000
725001 0.003000 0.001000
726001 0.003000 0.002000
727001 0.002000 0.002000
728001 0.003000 0.002000
729001 0.002000 0.002000
730001 0.002000 0.002000
731001 0.002000 0.002000
732001 0.002000 0.002000
733001 0.002000 0.002000
734001 0.002000 0.003000
735001 0.002000 0.002000
736001 0.002000 0.002000
737001 0.002000 0.003000
738001 0.002000 0.002000
739001 0.002000 0.002000
740001 0.001000 0.003000
741001 0.002000 0.002000
742001 0.002000 0.003000
743001 0.002000 0.003000
744001 0.003000 0.002000
745001 0.003000 0.002000
746001 0.002000 0.002000
747001 0.002000 0.002000
748001 0.002000 0.002000
749001 0.002000 0.003000
750001 0.002000 0.002000
751001 0.002000 0.002000
752001 0.002000 0.003000
753001 0.002000 0.002000
754001 0.002000 0.003000
755001 0.002000 0.003000
756001 0.003000 0.002000
757001 0.003000 0.002000
758001 0.002000 0.002000
759001 0.002000 0.002000
760001 0.005000 0.002000
761001 0.003000 0.002000
762001 0.002000 0.002000
763001 0.002000 0.002000
764001 0.002000 0.003000
765001 0.002000 0.003000
766001 0.003000 0.002000
767001 0.002000 0.002000
768001 0.003000 0.002000
769001 0.002000 0.002000
770001 0.002000 0.002000
771001 0.002000 0.002000
772001 0.002000 0.002000
773001 0.003000 0.002000
774001 0.002000 0.003000
775001 0.002000 0.002000
776001 0.002000 0.002000
777001 0.003000 0.002000
778001 0.002000 0.002000
779001 0.001000 0.003000
780001 0.003000 0.002000
781001 0.002000 0.002000
782001 0.003000 0.002000
783001 0.002000 0.003000
784001 0.003000 0.002000
785001 0.004000 0.002000
786001 0.002000 0.002000
787001 0.003000 0.002000
788001 0.003000 0.002000
789001 0.002000 0.002000
790001 0.003000 0.002000
791001 0.003000 0.002000
792001 0.003000 0.003000
793001 0.003000 0.003000
794001 0.002000 0.002000
795001 0.002000 0.003000
796001 0.002000 0.002000
797001 0.002000 0.003000
798001 0.003000 0.002000
799001 0.002000 0.002000
800001 0.003000 0.002000
801001 0.002000 0.002000
802001 0.003000 0.002000
803001 0.002000 0.002000
804001 0.003000 0.002000
805001 0.002000 0.002000
806001 0.003000 0.002000
807001 0.002000 0.003000
808001 0.003000 0.002000
809001 0.002000 0.002000
810001 0.003000 0.002000
811001 0.003000 0.003000
812001 0.003000 0.002000
813001 0.002000 0.002000
814001 0.003000 0.002000
815001 0.002000 0.002000
816001 0.003000 0.001000
817001 0.003000 0.002000
818001 0.002000 0.003000
819001 0.002000 0.002000
820001 0.002000 0.003000
821001 0.003000 0.002000
822001 0.002000 0.002000
823001 0.005000 0.002000
824001 0.002000 0.002000
825001 0.002000 0.003000
826001 0.002000 0.002000
827001 0.002000 0.002000
828001 0.002000 0.003000
829001 0.003000 0.002000
830001 0.003000 0.002000
831001 0.002000 0.003000
832001 0.002000 0.003000
833001 0.003000 0.002000
834001 0.002000 0.002000
835001 0.003000 0.002000
836001 0.003000 0.002000
837001 0.003000 0.002000
838001 0.003000 0.002000
839001 0.003000 0.002000
840001 0.003000 0.002000
841001 0.002000 0.002000
842001 0.003000 0.002000
843001 0.002000 0.002000
844001 0.003000 0.003000
845001 0.002000 0.002000
846001 0.003000 0.002000
847001 0.002000 0.003000
848001 0.003000 0.003000
849001 0.002000 0.001000
850001 0.003000 0.002000
851001 0.005000 0.002000
852001 0.002000 0.003000
853001 0.002000 0.003000
854001 0.002000 0.002000
855001 0.003000 0.002000
856001 0.003000 0.002000
857001 0.003000 0.002000
858001 0.002000 0.003000
859001 0.003000 0.002000
860001 0.002000 0.003000
861001 0.002000 0.004000
862001 0.003000 0.003000
863001 0.002000 0.002000
864001 0.003000 0.002000
865001 0.003000 0.003000
866001 0.002000 0.003000
867001 0.002000 0.003000
868001 0.003000 0.003000
869001 0.003000 0.002000
870001 0.003000 0.003000
871001 0.003000 0.002000
872001 0.002000 0.003000
873001 0.002000 0.003000
874001 0.002000 0.002000
875001 0.003000 0.002000
876001 0.003000 0.003000
877001 0.005000 0.002000
878001 0.003000 0.002000
879001 0.003000 0.002000
880001 0.002000 0.003000
881001 0.003000 0.003000
882001 0.003000 0.002000
883001 0.003000 0.003000
884001 0.003000 0.003000
885001 0.002000 0.003000
886001 0.003000 0.002000
887001 0.003000 0.002000
888001 0.003000 0.002000
889001 0.003000 0.002000
890001 0.003000 0.003000
891001 0.002000 0.003000
892001 0.002000 0.003000
893001 0.003000 0.003000
894001 0.003000 0.002000
895001 0.003000 0.002000
896001 0.003000 0.002000
897001 0.003000 0.003000
898001 0.002000 0.003000
899001 0.002000 0.003000
900001 0.003000 0.003000
901001 0.004000 0.004000
902001 0.002000 0.003000
903001 0.003000 0.003000
904001 0.003000 0.002000
905001 0.002000 0.004000
906001 0.003000 0.002000
907001 0.003000 0.003000
908001 0.002000 0.002000
909001 0.002000 0.004000
910001 0.002000 0.003000
911001 0.003000 0.003000
912001 0.003000 0.002000
913001 0.003000 0.002000
914001 0.002000 0.002000
915001 0.004000 0.002000
916001 0.003000 0.003000
917001 0.003000 0.002000
918001 0.003000 0.002000
919001 0.003000 0.002000
920001 0.002000 0.003000
921001 0.003000 0.003000
922001 0.003000 0.002000
923001 0.003000 0.002000
924001 0.005000 0.003000
925001 0.002000 0.004000
926001 0.003000 0.003000
927001 0.003000 0.003000
928001 0.002000 0.003000
929001 0.003000 0.003000
930001 0.004000 0.002000
931001 0.003000 0.003000
932001 0.002000 0.003000
933001 0.003000 0.002000
934001 0.002000 0.003000
935001 0.003000 0.002000
936001 0.002000 0.003000
937001 0.002000 0.004000
938001 0.003000 0.003000
939001 0.003000 0.003000
940001 0.003000 0.003000
941001 0.003000 0.003000
942001 0.003000 0.002000
943001 0.003000 0.003000
944001 0.003000 0.003000
945001 0.004000 0.002000
946001 0.003000 0.003000
947001 0.003000 0.003000
948001 0.003000 0.002000
949001 0.003000 0.002000
950001 0.003000 0.003000
951001 0.003000 0.003000
952001 0.003000 0.004000
953001 0.002000 0.003000
954001 0.004000 0.003000
955001 0.002000 0.003000
956001 0.004000 0.003000
957001 0.003000 0.002000
958001 0.002000 0.004000
959001 0.003000 0.002000
960001 0.003000 0.003000
961001 0.003000 0.003000
962001 0.002000 0.003000
963001 0.003000 0.003000
964001 0.003000 0.003000
965001 0.003000 0.003000
966001 0.002000 0.004000
967001 0.003000 0.002000
968001 0.002000 0.004000
969001 0.003000 0.003000
970001 0.003000 0.003000
971001 0.003000 0.003000
972001 0.003000 0.003000
973001 0.002000 0.004000
974001 0.002000 0.003000
975001 0.004000 0.003000
976001 0.002000 0.003000
977001 0.004000 0.003000
978001 0.003000 0.003000
979001 0.003000 0.002000
980001 0.003000 0.003000
981001 0.003000 0.003000
982001 0.004000 0.002000
983001 0.003000 0.002000
984001 0.002000 0.004000
985001 0.003000 0.002000
986001 0.003000 0.003000
987001 0.002000 0.003000
988001 0.003000 0.002000
989001 0.003000 0.003000
990001 0.003000 0.002000
991001 0.002000 0.003000
992001 0.003000 0.003000
993001 0.004000 0.002000
994001 0.002000 0.003000
995001 0.003000 0.003000
996001 0.003000 0.003000
997001 0.003000 0.003000
998001 0.003000 0.003000
999001 0.003000 0.003000
