1 0.001000
10001 0.003000
20001 0.003000
30001 0.003000
40001 0.005000
50001 0.006000
60001 0.008000
70001 0.010000
80001 0.009000
90001 0.010000
100001 0.013000
110001 0.012000
120001 0.014000
130001 0.015000
140001 0.023000
150001 0.017000
160001 0.019000
170001 0.023000
180001 0.028000
190001 0.033000
200001 0.032000
210001 0.032000
220001 0.035000
230001 0.040000
240001 0.055000
250001 0.039000
260001 0.039000
270001 0.047000
280001 0.048000
290001 0.048000
300001 0.120000
310001 0.064000
320001 0.052000
330001 0.086000
340001 0.049000
350001 0.048000
360001 0.058000
370001 0.053000
380001 0.059000
390001 0.056000
400001 0.071000
410001 0.064000
420001 0.065000
430001 0.072000
440001 0.065000
450001 0.072000
460001 0.071000
470001 0.081000
480001 0.078000
490001 0.071000
500001 0.080000
510001 0.081000
520001 0.074000
530001 0.082000
540001 0.086000
550001 0.079000
560001 0.088000
570001 0.095000
580001 0.087000
590001 0.090000
600001 0.099000
610001 0.099000
620001 0.098000
630001 0.106000
640001 0.104000
650001 0.123000
660001 0.117000
670001 0.111000
680001 0.110000
690001 0.115000
700001 0.118000
710001 0.123000
720001 0.116000
730001 0.124000
740001 0.127000
750001 0.124000
760001 0.131000
770001 0.136000
780001 0.129000
790001 0.137000
800001 0.140000
810001 0.132000
820001 0.137000
830001 0.146000
840001 0.140000
850001 0.156000
860001 0.151000
870001 0.146000
880001 0.165000
890001 0.147000
900001 0.152000
910001 0.156000
920001 0.162000
930001 0.159000
940001 0.168000
950001 0.167000
960001 0.187000
970001 0.167000
980001 0.177000
990001 0.182000
1000001 0.194000
1010001 0.187000
1020001 0.189000
1030001 0.180000
1040001 0.191000
1050001 0.188000
1060001 0.194000
1070001 0.193000
1080001 0.191000
1090001 0.209000
1100001 0.200000
1110001 0.214000
1120001 0.207000
1130001 0.204000
1140001 0.220000
1150001 0.223000
1160001 0.206000
1170001 0.204000
1180001 0.220000
1190001 0.236000
1200001 0.224000
1210001 0.212000
1220001 0.220000
1230001 0.238000
1240001 0.221000
1250001 0.219000
1260001 0.230000
1270001 0.242000
1280001 0.245000
1290001 0.232000
1300001 0.235000
1310001 0.244000
1320001 0.247000
1330001 0.240000
1340001 0.259000
1350001 0.265000
1360001 0.262000
1370001 0.257000
1380001 0.264000
1390001 0.275000
1400001 0.269000
1410001 0.273000
1420001 0.269000
1430001 0.288000
1440001 0.274000
1450001 0.270000
1460001 0.287000
1470001 0.317000
1480001 0.450000
1490001 0.342000
1500001 0.306000
1510001 0.296000
1520001 0.276000
1530001 0.276000
1540001 0.303000
1550001 0.323000
1560001 0.304000
1570001 0.318000
1580001 0.292000
1590001 0.298000
1600001 0.313000
1610001 0.328000
1620001 0.368000
1630001 0.410000
1640001 0.397000
1650001 0.307000
1660001 0.305000
1670001 0.439000
1680001 0.335000
1690001 0.327000
1700001 0.330000
1710001 0.330000
1720001 0.343000
1730001 0.329000
1740001 0.325000
1750001 0.323000
1760001 0.322000
1770001 0.331000
1780001 0.342000
1790001 0.334000
1800001 0.332000
1810001 0.331000
1820001 0.360000
1830001 0.333000
1840001 0.333000
1850001 0.357000
1860001 0.339000
1870001 0.355000
1880001 0.358000
1890001 0.384000
1900001 0.363000
1910001 0.369000
1920001 0.370000
1930001 0.380000
1940001 0.389000
1950001 0.367000
1960001 0.373000
1970001 0.373000
1980001 0.380000
1990001 0.370000
2000001 0.383000
2010001 0.380000
2020001 0.387000
2030001 0.397000
2040001 0.406000
2050001 0.402000
2060001 0.413000
2070001 0.392000
2080001 0.413000
2090001 0.401000
2100001 0.406000
2110001 0.400000
2120001 0.405000
2130001 0.410000
2140001 0.448000
2150001 0.447000
2160001 0.422000
2170001 0.413000
2180001 0.430000
2190001 0.419000
2200001 0.425000
2210001 0.454000
2220001 0.450000
2230001 0.448000
2240001 0.439000
2250001 0.440000
2260001 0.440000
2270001 0.470000
2280001 0.516000
2290001 0.496000
2300001 0.497000
2310001 0.521000
2320001 0.478000
2330001 0.459000
2340001 0.464000
2350001 0.469000
2360001 0.495000
2370001 0.502000
2380001 0.514000
2390001 0.481000
2400001 0.493000
2410001 0.489000
2420001 0.520000
2430001 0.499000
2440001 0.527000
2450001 0.525000
2460001 0.512000
2470001 0.514000
2480001 0.511000
2490001 0.509000
2500001 0.518000
2510001 0.517000
2520001 0.539000
2530001 0.590000
2540001 0.618000
2550001 0.563000
2560001 0.683000
2570001 0.680000
2580001 0.598000
2590001 0.568000
2600001 0.550000
2610001 0.529000
2620001 0.551000
2630001 0.539000
2640001 0.554000
2650001 0.563000
2660001 0.559000
2670001 0.551000
2680001 0.541000
2690001 0.546000
2700001 0.561000
2710001 0.565000
2720001 0.555000
2730001 0.554000
2740001 0.598000
2750001 0.557000
2760001 0.559000
2770001 0.569000
2780001 0.576000
2790001 0.612000
2800001 0.577000
2810001 0.577000
2820001 0.604000
2830001 0.615000
2840001 0.621000
2850001 0.600000
2860001 0.600000
2870001 0.605000
2880001 0.618000
2890001 0.620000
2900001 0.608000
2910001 0.648000
2920001 0.625000
2930001 0.614000
2940001 0.609000
2950001 0.615000
2960001 0.615000
2970001 0.640000
2980001 0.655000
2990001 0.625000
3000001 0.623000
3010001 0.621000
3020001 0.628000
3030001 0.659000
3040001 0.659000
3050001 0.633000
3060001 0.636000
3070001 0.649000
3080001 0.643000
3090001 0.685000
3100001 0.665000
3110001 0.659000
3120001 0.653000
3130001 0.667000
3140001 0.691000
3150001 0.656000
3160001 0.713000
3170001 0.670000
3180001 0.729000
3190001 0.685000
3200001 0.693000
3210001 0.719000
3220001 0.785000
3230001 0.715000
3240001 0.725000
3250001 0.732000
3260001 0.729000
3270001 0.726000
3280001 0.734000
3290001 0.738000
3300001 0.734000
3310001 0.829000
3320001 0.742000
3330001 0.862000
3340001 0.729000
3350001 0.827000
3360001 0.818000
3370001 0.753000
3380001 0.779000
3390001 0.751000
3400001 0.802000
3410001 0.957000
3420001 0.756000
3430001 0.927000
3440001 1.106000
3450001 0.780000
3460001 0.803000
3470001 1.010000
3480001 1.027000
3490001 0.811000
3500001 0.779000
3510001 0.895000
3520001 0.821000
3530001 0.767000
3540001 0.882000
3550001 0.802000
3560001 0.841000
3570001 0.812000
3580001 0.808000
3590001 0.776000
3600001 0.878000
3610001 0.826000
3620001 0.870000
3630001 0.825000
3640001 0.848000
3650001 0.911000
3660001 0.812000
3670001 0.890000
3680001 0.855000
3690001 0.876000
3700001 0.904000
3710001 0.934000
3720001 1.023000
3730001 0.961000
3740001 0.868000
3750001 0.830000
3760001 0.822000
3770001 0.837000
3780001 0.846000
3790001 0.854000
3800001 0.835000
3810001 0.939000
3820001 0.901000
3830001 0.863000
3840001 0.858000
3850001 0.850000
3860001 0.882000
3870001 0.910000
3880001 0.896000
3890001 0.875000
3900001 1.118000
3910001 0.918000
3920001 0.967000
3930001 1.075000
3940001 1.150000
3950001 1.142000
3960001 1.059000
3970001 1.183000
3980001 0.958000
3990001 0.946000
4000001 0.893000
4010001 0.896000
4020001 0.949000
4030001 0.989000
4040001 1.035000
4050001 0.957000
4060001 1.032000
4070001 0.925000
4080001 0.936000
4090001 1.104000
4100001 1.357000
4110001 1.139000
4120001 0.994000
4130001 1.045000
4140001 1.034000
4150001 1.100000
4160001 0.957000
4170001 1.252000
4180001 1.303000
4190001 1.168000
4200001 1.154000
4210001 1.280000
4220001 1.231000
4230001 1.249000
4240001 1.015000
4250001 1.013000
4260001 1.022000
4270001 1.028000
4280001 1.075000
4290001 1.087000
4300001 1.005000
4310001 1.084000
4320001 0.975000
4330001 1.110000
4340001 1.027000
4350001 1.035000
4360001 1.058000
4370001 1.038000
4380001 1.100000
4390001 1.169000
4400001 1.083000
4410001 1.087000
4420001 1.080000
4430001 1.084000
4440001 1.052000
4450001 1.106000
4460001 1.055000
4470001 1.077000
4480001 1.084000
4490001 1.303000
4500001 1.152000
4510001 1.080000
4520001 1.108000
4530001 1.067000
4540001 1.151000
4550001 1.198000
4560001 1.129000
4570001 1.134000
4580001 1.167000
4590001 1.130000
4600001 1.141000
4610001 1.156000
4620001 1.163000
4630001 1.185000
4640001 1.155000
4650001 1.149000
4660001 1.166000
4670001 1.172000
4680001 1.165000
4690001 1.165000
4700001 1.174000
4710001 1.185000
4720001 1.168000
4730001 1.191000
4740001 1.195000
4750001 1.209000
4760001 1.188000
4770001 1.173000
4780001 1.162000
4790001 1.173000
4800001 1.211000
4810001 1.177000
4820001 1.220000
4830001 1.208000
4840001 1.233000
4850001 1.226000
4860001 1.227000
4870001 1.212000
4880001 1.200000
4890001 1.214000
4900001 1.228000
4910001 1.227000
4920001 1.231000
4930001 1.241000
4940001 1.246000
4950001 1.246000
4960001 1.244000
4970001 1.294000
4980001 1.226000
4990001 1.258000
5000001 1.262000
5010001 1.234000
5020001 1.253000
5030001 1.243000
5040001 1.263000
5050001 1.264000
5060001 1.300000
5070001 1.280000
5080001 1.288000
5090001 1.287000
5100001 1.265000
5110001 1.285000
5120001 1.285000
5130001 1.280000
5140001 1.280000
5150001 1.320000
5160001 1.292000
5170001 1.326000
5180001 1.308000
5190001 1.312000
5200001 1.330000
5210001 1.327000
5220001 1.288000
5230001 1.336000
5240001 1.343000
5250001 1.323000
5260001 1.330000
5270001 1.313000
5280001 1.328000
5290001 1.383000
5300001 1.347000
5310001 1.348000
5320001 1.396000
5330001 1.331000
5340001 1.330000
5350001 1.301000
5360001 1.396000
5370001 1.384000
5380001 1.350000
5390001 1.320000
5400001 1.366000
5410001 1.356000
5420001 1.351000
5430001 1.404000
5440001 1.345000
5450001 1.371000
5460001 1.405000
5470001 1.374000
5480001 1.409000
5490001 1.390000
5500001 1.400000
5510001 1.404000
5520001 1.366000
5530001 1.395000
5540001 1.401000
5550001 1.384000
5560001 1.395000
5570001 1.391000
5580001 1.416000
5590001 1.451000
5600001 1.374000
5610001 1.405000
5620001 1.421000
5630001 1.458000
5640001 1.427000
5650001 1.443000
5660001 1.474000
5670001 1.435000
5680001 1.449000
5690001 1.430000
5700001 1.437000
5710001 1.442000
5720001 1.445000
5730001 1.471000
5740001 1.491000
5750001 1.482000
5760001 1.433000
5770001 1.465000
5780001 1.502000
5790001 1.485000
5800001 1.511000
5810001 1.477000
5820001 1.483000
5830001 1.518000
5840001 1.513000
5850001 1.505000
5860001 1.490000
5870001 1.494000
5880001 1.496000
5890001 1.501000
5900001 1.583000
5910001 1.527000
5920001 1.485000
5930001 1.530000
5940001 1.529000
5950001 1.508000
5960001 1.540000
5970001 1.556000
5980001 1.544000
5990001 1.542000
6000001 1.539000
6010001 1.543000
6020001 1.549000
6030001 1.607000
6040001 1.565000
6050001 1.590000
6060001 1.573000
6070001 1.598000
6080001 1.585000
6090001 1.596000
6100001 1.592000
6110001 1.614000
6120001 1.576000
6130001 1.561000
6140001 1.599000
6150001 1.631000
6160001 1.541000
6170001 1.637000
6180001 1.613000
6190001 1.594000
6200001 1.662000
6210001 1.608000
6220001 1.605000
6230001 1.606000
6240001 1.610000
6250001 1.624000
6260001 1.605000
6270001 1.635000
6280001 1.633000
6290001 1.684000
6300001 1.655000
6310001 1.680000
6320001 1.625000
6330001 1.689000
6340001 1.621000
6350001 1.650000
6360001 1.659000
6370001 1.696000
6380001 1.691000
6390001 1.684000
6400001 1.670000
6410001 1.703000
6420001 1.705000
6430001 1.680000
6440001 1.689000
6450001 1.700000
6460001 1.695000
6470001 1.723000
6480001 1.686000
6490001 1.749000
6500001 1.690000
6510001 1.738000
6520001 1.680000
6530001 1.722000
6540001 1.766000
6550001 1.723000
6560001 1.722000
6570001 1.723000
6580001 1.804000
6590001 1.721000
6600001 1.776000
6610001 1.764000
6620001 1.756000
6630001 1.747000
6640001 1.778000
6650001 1.770000
6660001 1.802000
6670001 1.774000
6680001 1.758000
6690001 1.750000
6700001 1.817000
6710001 1.814000
6720001 1.764000
6730001 1.862000
6740001 1.799000
6750001 1.840000
6760001 1.812000
6770001 1.804000
6780001 1.802000
6790001 1.830000
6800001 1.794000
6810001 1.828000
6820001 1.819000
6830001 1.851000
6840001 1.839000
6850001 1.813000
6860001 1.839000
6870001 1.878000
6880001 1.837000
6890001 1.784000
6900001 1.824000
6910001 1.907000
6920001 1.829000
6930001 1.835000
6940001 1.913000
6950001 1.848000
6960001 1.814000
6970001 1.866000
6980001 1.839000
6990001 1.816000
7000001 1.888000
7010001 1.850000
7020001 1.927000
7030001 1.885000
7040001 1.840000
7050001 1.883000
7060001 1.890000
7070001 1.871000
7080001 1.882000
7090001 1.890000
7100001 1.832000
7110001 1.863000
7120001 1.869000
7130001 1.887000
7140001 1.910000
7150001 1.945000
7160001 1.866000
7170001 1.890000
7180001 1.903000
7190001 1.913000
7200001 1.890000
7210001 1.909000
7220001 1.903000
7230001 1.916000
7240001 1.949000
7250001 1.936000
7260001 1.895000
7270001 1.945000
7280001 1.917000
7290001 1.891000
7300001 1.918000
7310001 1.919000
7320001 1.932000
7330001 1.936000
7340001 1.907000
7350001 1.948000
7360001 1.925000
7370001 1.940000
7380001 1.999000
7390001 1.937000
7400001 1.960000
7410001 1.978000
7420001 1.990000
7430001 2.014000
7440001 1.960000
7450001 2.018000
7460001 2.012000
7470001 1.999000
7480001 1.979000
7490001 1.980000
7500001 1.978000
7510001 2.024000
7520001 1.968000
7530001 2.038000
7540001 2.012000
7550001 1.988000
7560001 1.981000
7570001 2.022000
7580001 2.049000
7590001 2.020000
7600001 2.036000
7610001 2.007000
7620001 2.152000
7630001 2.028000
7640001 1.987000
7650001 2.160000
7660001 2.475000
7670001 2.178000
7680001 2.118000
7690001 2.294000
7700001 2.591000
7710001 2.437000
7720001 2.370000
7730001 2.087000
7740001 2.209000
7750001 2.059000
7760001 2.015000
7770001 1.996000
7780001 2.306000
7790001 2.337000
7800001 2.538000
7810001 2.154000
7820001 2.113000
7830001 2.135000
7840001 2.045000
7850001 2.227000
7860001 2.528000
7870001 2.397000
7880001 2.509000
7890001 2.783000
7900001 2.381000
7910001 2.420000
7920001 2.156000
7930001 2.105000
7940001 2.185000
7950001 2.134000
7960001 2.192000
7970001 2.170000
7980001 2.112000
7990001 2.179000
8000001 2.183000
8010001 2.168000
8020001 2.131000
8030001 2.180000
8040001 2.147000
8050001 2.236000
8060001 2.208000
8070001 2.194000
8080001 2.202000
8090001 2.187000
8100001 2.221000
8110001 2.169000
8120001 2.231000
8130001 2.220000
8140001 2.305000
8150001 2.116000
8160001 2.094000
8170001 2.173000
8180001 2.163000
8190001 2.118000
8200001 2.284000
8210001 2.234000
8220001 2.187000
8230001 2.232000
8240001 2.269000
8250001 2.143000
8260001 2.155000
8270001 2.170000
8280001 2.140000
8290001 2.229000
8300001 2.153000
8310001 2.438000
8320001 2.256000
8330001 2.226000
8340001 2.261000
8350001 2.250000
8360001 2.318000
8370001 2.222000
8380001 2.136000
8390001 2.186000
8400001 2.239000
8410001 2.158000
8420001 2.278000
8430001 2.214000
8440001 2.272000
8450001 2.359000
8460001 2.258000
8470001 2.356000
8480001 2.402000
8490001 2.374000
8500001 2.364000
8510001 2.257000
8520001 2.647000
8530001 2.486000
8540001 2.189000
8550001 2.230000
8560001 2.229000
8570001 2.263000
8580001 2.226000
8590001 2.274000
8600001 2.220000
8610001 2.333000
8620001 2.250000
8630001 2.419000
8640001 2.378000
8650001 2.330000
8660001 2.396000
8670001 2.403000
8680001 2.344000
8690001 2.392000
8700001 2.311000
8710001 2.383000
8720001 2.391000
8730001 2.360000
8740001 2.410000
8750001 2.441000
8760001 2.382000
8770001 2.409000
8780001 2.343000
8790001 2.413000
8800001 2.377000
8810001 2.348000
8820001 2.335000
8830001 2.377000
8840001 2.428000
8850001 2.442000
8860001 2.343000
8870001 2.463000
8880001 2.407000
8890001 2.409000
8900001 2.430000
8910001 2.438000
8920001 2.450000
8930001 2.472000
8940001 2.430000
8950001 2.470000
8960001 2.465000
8970001 2.485000
8980001 2.432000
8990001 2.530000
9000001 2.518000
9010001 2.519000
9020001 2.455000
9030001 2.480000
9040001 2.481000
9050001 2.483000
9060001 2.522000
9070001 2.552000
9080001 2.654000
9090001 2.539000
9100001 2.468000
9110001 2.549000
9120001 2.489000
9130001 2.688000
9140001 2.659000
9150001 2.649000
9160001 2.746000
9170001 2.444000
9180001 2.420000
9190001 2.490000
9200001 2.679000
9210001 2.546000
9220001 2.561000
9230001 2.499000
9240001 2.539000
9250001 2.488000
9260001 3.154000
9270001 2.640000
9280001 2.728000
9290001 2.587000
9300001 2.658000
9310001 2.620000
9320001 2.607000
9330001 2.721000
9340001 2.569000
9350001 2.731000
9360001 2.740000
9370001 2.657000
9380001 2.624000
9390001 2.587000
9400001 2.618000
9410001 2.617000
9420001 2.652000
9430001 2.628000
9440001 2.595000
9450001 2.638000
9460001 2.634000
9470001 2.639000
9480001 2.586000
9490001 2.659000
9500001 2.635000
9510001 2.644000
9520001 2.634000
9530001 2.653000
9540001 2.658000
9550001 2.656000
9560001 2.714000
9570001 2.673000
9580001 2.738000
9590001 2.666000
9600001 2.665000
9610001 2.747000
9620001 2.705000
9630001 2.638000
9640001 2.704000
9650001 2.696000
9660001 2.714000
9670001 2.688000
9680001 2.703000
9690001 2.653000
9700001 2.666000
9710001 2.671000
9720001 2.684000
9730001 2.661000
9740001 2.689000
9750001 2.701000
9760001 2.738000
9770001 2.690000
9780001 2.699000
9790001 2.710000
9800001 2.729000
9810001 2.747000
9820001 2.769000
9830001 2.765000
9840001 2.734000
9850001 2.682000
9860001 2.706000
9870001 2.745000
9880001 2.716000
9890001 2.735000
9900001 2.720000
9910001 2.722000
9920001 2.720000
9930001 2.726000
9940001 2.753000
9950001 2.794000
9960001 2.785000
9970001 2.809000
9980001 2.752000
9990001 2.779000
