1 0.000000
10001 0.601131
20001 1.276491
30001 2.509148
40001 2.620782
50001 3.387028
60001 4.708524
70001 4.715538
80001 5.474769
90001 6.827535
100001 6.711225
110001 7.914657
120001 9.175368
130001 9.230601
140001 9.900409
150001 11.288827
160001 11.607950
170001 11.877685
180001 13.313738
190001 14.357609
200001 15.020987
210001 15.727032
220001 17.034501
230001 17.655213
240001 19.077530
250001 18.740289
260001 20.788870
270001 20.722533
280001 21.940869
290001 23.067444
300001 22.204175
310001 24.116866
320001 24.039132
330001 26.216298
340001 26.767165
350001 27.769247
360001 28.826852
370001 29.206760
380001 29.560367
390001 30.980640
400001 31.740164
410001 32.429258
420001 33.474299
430001 33.671558
440001 34.781183
450001 36.028159
460001 36.734788
470001 37.056249
480001 37.858148
490001 38.415736
500001 40.202182
510001 40.411716
520001 41.981613
530001 42.324699
540001 43.256352
550001 44.152350
560001 45.747672
570001 45.072021
580001 47.008676
590001 47.696310
600001 47.624419
610001 48.802135
620001 50.372909
630001 51.023137
640001 51.059666
650001 52.362167
660001 52.547738
670001 54.247681
680001 54.358146
690001 56.208008
700001 56.193396
710001 58.308607
720001 57.306527
730001 59.763949
740001 59.635071
750001 60.916531
760001 62.434118
770001 62.389407
780001 63.406684
790001 65.135851
800001 65.911741
810001 66.435721
820001 66.373475
830001 67.508524
840001 69.261654
850001 70.692739
860001 74.601702
870001 71.907861
880001 72.097231
890001 74.236407
900001 73.736096
910001 75.772405
920001 75.768021
930001 76.185920
940001 77.555343
950001 78.126374
960001 79.152419
970001 79.467159
980001 80.676728
990001 82.006407
1000001 84.584522
1010001 84.798732
1020001 84.717198
1030001 86.718437
1040001 87.516537
1050001 86.956319
1060001 88.226673
1070001 90.099328
1080001 90.969026
1090001 92.131837
1100001 93.589809
1110001 93.559416
1120001 92.492166
1130001 94.532858
1140001 96.247705
1150001 96.150974
1160001 98.976615
1170001 97.732562
1180001 99.484815
1190001 99.946258
1200001 100.512613
1210001 102.083680
1220001 103.352281
1230001 102.210803
1240001 103.883861
1250001 105.807949
1260001 107.793993
1270001 106.827272
1280001 107.819417
1290001 107.574815
1300001 111.190957
1310001 111.193587
1320001 111.491961
1330001 111.828618
1340001 113.310553
1350001 112.474462
1360001 114.172944
1370001 115.719171
1380001 118.685962
1390001 117.434895
1400001 119.526143
1410001 118.475843
1420001 125.084493
1430001 121.179328
1440001 122.356167
1450001 122.632039
1460001 124.628603
1470001 124.174759
1480001 128.398462
1490001 126.704656
1500001 127.489897
1510001 129.505748
1520001 128.414827
1530001 130.368724
1540001 129.486168
1550001 132.214201
1560001 132.710420
1570001 134.837321
1580001 134.119587
1590001 134.776537
1600001 136.771055
1610001 140.331964
1620001 139.393298
1630001 139.458467
1640001 141.720967
1650001 142.151724
1660001 141.340767
1670001 142.744673
1680001 144.055649
1690001 145.925090
1700001 145.254991
1710001 146.749490
1720001 147.164468
1730001 147.256814
1740001 148.161288
1750001 150.310108
1760001 151.233869
1770001 152.147109
1780001 151.770708
1790001 153.781884
1800001 154.747143
1810001 154.597226
1820001 155.078833
1830001 156.879598
1840001 157.820894
1850001 159.906297
1860001 158.513787
1870001 161.716998
1880001 164.160977
1890001 161.804962
1900001 162.515098
1910001 165.050839
1920001 165.002035
1930001 165.401231
1940001 167.682726
1950001 169.341172
1960001 168.599474
1970001 169.761409
1980001 170.079655
1990001 171.884220
2000001 171.506941
2010001 173.135871
2020001 173.116875
2030001 173.946829
2040001 176.053566
2050001 178.799426
2060001 177.923592
2070001 179.606877
2080001 179.781635
2090001 179.571224
2100001 183.726835
2110001 184.493958
2120001 184.974980
2130001 185.631637
2140001 183.153174
2150001 184.406579
2160001 188.435067
2170001 187.670575
2180001 187.409023
2190001 190.455887
2200001 189.469294
2210001 191.548269
2220001 194.195937
2230001 192.151739
2240001 193.796449
2250001 195.987643
2260001 196.923679
2270001 196.990017
2280001 199.379346
2290001 198.831110
2300001 199.723310
2310001 203.961625
2320001 201.600057
2330001 201.704677
2340001 205.387449
2350001 203.620292
2360001 205.246006
2370001 206.914388
2380001 207.639721
2390001 208.344889
2400001 208.853089
2410001 211.389123
2420001 213.316719
2430001 212.839495
2440001 212.011880
2450001 213.337175
2460001 216.181812
2470001 216.272112
2480001 217.375308
2490001 218.590138
2500001 220.370738
2510001 219.102136
2520001 220.769933
2530001 224.538332
2540001 222.249530
2550001 222.491210
2560001 223.307429
2570001 224.152286
2580001 226.194438
2590001 226.017636
2600001 228.156811
2610001 228.171423
2620001 231.556405
2630001 230.876077
2640001 230.152790
2650001 232.814778
2660001 230.663621
2670001 236.981494
2680001 235.317789
2690001 233.636548
2700001 237.159467
2710001 235.847614
2720001 240.203116
2730001 238.401767
2740001 241.656412
2750001 240.454733
2760001 243.787697
2770001 243.400774
2780001 247.334578
2790001 243.953979
2800001 245.124973
2810001 245.673211
2820001 248.561974
2830001 247.278761
2840001 252.089568
2850001 250.815414
2860001 251.137460
2870001 252.427394
2880001 253.190133
2890001 254.698661
2900001 254.696615
2910001 255.642002
2920001 256.458513
2930001 258.768647
2940001 259.383515
2950001 259.671952
2960001 260.887366
2970001 262.044917
2980001 262.929519
2990001 265.910046
3000001 267.855467
3010001 267.185660
3020001 267.000966
3030001 267.522025
3040001 269.171703
3050001 270.367538
3060001 271.615683
3070001 270.162972
3080001 273.990986
3090001 270.839208
3100001 273.370859
3110001 275.136263
3120001 274.225068
3130001 274.476392
3140001 284.850809
3150001 278.730487
3160001 278.076461
3170001 279.970742
3180001 281.316493
3190001 281.327598
3200001 280.731727
3210001 283.361568
3220001 285.068817
3230001 282.502391
3240001 292.289997
3250001 290.756336
3260001 287.628522
3270001 289.514328
3280001 289.845725
3290001 288.286056
3300001 292.566745
3310001 293.780990
3320001 293.731017
3330001 296.391544
3340001 295.341536
3350001 294.672897
3360001 299.721878
3370001 297.340730
3380001 302.148615
3390001 299.898681
3400001 301.238588
3410001 305.840446
3420001 304.355882
3430001 301.715227
3440001 306.588281
3450001 305.416410
3460001 307.912407
3470001 309.675766
3480001 312.890666
3490001 310.501335
3500001 308.828570
3510001 311.035253
3520001 311.769060
3530001 311.475654
3540001 316.701730
3550001 313.792217
3560001 315.657567
3570001 317.202040
3580001 318.367482
3590001 319.034952
3600001 319.792138
3610001 318.655627
3620001 322.103734
3630001 321.957322
3640001 321.665962
3650001 323.201084
3660001 328.361990
3670001 324.196735
3680001 326.365135
3690001 330.358262
3700001 329.536784
3710001 330.905330
3720001 330.314134
3730001 335.774877
3740001 331.936343
3750001 337.417249
3760001 331.648489
3770001 334.972978
3780001 338.601978
3790001 339.286105
3800001 336.025324
3810001 342.460092
3820001 340.703456
3830001 339.873795
3840001 343.046905
3850001 341.494249
3860001 345.385386
3870001 346.425458
3880001 346.672106
3890001 349.060852
3900001 349.666659
3910001 352.648355
3920001 349.086861
3930001 351.480576
3940001 351.628155
3950001 353.201268
3960001 352.885067
3970001 353.651020
3980001 355.703986
3990001 355.872899
4000001 356.202542
4010001 360.523852
4020001 358.245864
4030001 359.100657
4040001 362.911430
4050001 360.919250
4060001 364.945984
4070001 364.626277
4080001 362.308252
4090001 368.364867
4100001 367.083699
4110001 369.725522
4120001 367.790328
4130001 366.678658
4140001 369.372207
4150001 371.766798
4160001 369.067697
4170001 375.358977
4180001 372.815053
4190001 374.938740
4200001 375.937898
4210001 375.743560
4220001 379.955282
4230001 378.826370
4240001 378.921347
4250001 382.008248
4260001 381.117801
4270001 382.809269
4280001 384.731021
4290001 382.174823
4300001 383.728647
4310001 387.082945
4320001 389.468769
4330001 387.492661
4340001 391.330903
4350001 389.087399
4360001 390.951287
4370001 394.055430
4380001 393.836545
4390001 393.465403
4400001 394.557201
4410001 396.927536
4420001 400.197961
4430001 395.153365
4440001 397.156650
4450001 406.964419
4460001 400.290600
4470001 401.037267
4480001 401.920115
4490001 404.155144
4500001 406.307470
4510001 407.190319
4520001 408.382646
4530001 407.159633
4540001 406.264512
4550001 413.315900
4560001 410.930661
4570001 413.677982
4580001 413.250439
4590001 413.588850
4600001 413.856539
4610001 416.116701
4620001 421.175325
4630001 417.828041
4640001 426.925966
4650001 417.468882
4660001 428.080888
4670001 424.612326
4680001 422.443342
4690001 426.973017
4700001 425.218425
4710001 427.163848
4720001 424.991357
4730001 427.028542
4740001 432.067587
4750001 429.957342
4760001 429.281106
4770001 430.728848
4780001 433.723110
4790001 432.530490
4800001 435.783089
4810001 434.601574
4820001 436.758576
4830001 439.282336
4840001 436.713279
4850001 438.380784
4860001 440.410371
4870001 439.341075
4880001 440.735923
4890001 445.566602
4900001 443.926860
4910001 442.738039
4920001 442.525290
4930001 444.366677
4940001 449.231841
4950001 451.166742
4960001 447.429322
4970001 447.936937
4980001 459.052760
4990001 455.809220
5000001 448.653211
5010001 452.040823
5020001 467.267545
5030001 457.149713
5040001 456.869164
5050001 456.398663
5060001 458.487282
5070001 460.201252
5080001 459.875700
5090001 463.634161
5100001 464.310106
5110001 460.689580
5120001 464.117229
5130001 463.345723
5140001 465.570817
5150001 468.507799
5160001 467.905498
5170001 470.843358
5180001 467.002487
5190001 471.104326
5200001 471.226481
5210001 473.893729
5220001 472.441603
5230001 475.221654
5240001 479.524553
5250001 477.386839
5260001 478.736682
5270001 480.323238
5280001 478.441231
5290001 480.732662
5300001 481.423218
5310001 481.599729
5320001 485.915779
5330001 484.303215
5340001 486.339815
5350001 486.836618
5360001 486.302701
5370001 490.163446
5380001 489.831464
5390001 490.167244
5400001 491.904594
5410001 492.948173
5420001 493.516574
5430001 494.805924
5440001 493.988537
5450001 493.922491
5460001 494.401760
5470001 497.878797
5480001 497.590943
5490001 502.401458
5500001 499.004786
5510001 502.708600
5520001 505.545345
5530001 504.890150
5540001 503.856215
5550001 504.823520
5560001 505.536578
5570001 506.522002
5580001 508.172264
5590001 508.062383
5600001 507.770730
5610001 511.263256
5620001 513.424349
5630001 516.300255
5640001 512.298360
5650001 519.347996
5660001 516.582264
5670001 515.403672
5680001 517.908728
5690001 518.579120
5700001 518.975101
5710001 521.755445
5720001 519.468398
5730001 526.533813
5740001 521.635919
5750001 525.154454
5760001 522.585983
5770001 528.381044
5780001 528.930743
5790001 530.650265
5800001 525.128738
5810001 528.750724
5820001 530.836129
5830001 531.492493
5840001 529.788459
5850001 535.325474
5860001 534.823996
5870001 533.763175
5880001 534.164417
5890001 536.002880
5900001 537.552906
5910001 540.867167
5920001 540.787386
5930001 542.437357
5940001 539.892264
5950001 540.991368
5960001 543.450835
5970001 542.046344
5980001 541.928572
5990001 547.633332
6000001 545.492695
6010001 553.305654
6020001 549.043376
6030001 548.815139
6040001 550.558918
6050001 552.822879
6060001 550.006883
6070001 554.301306
6080001 553.695206
6090001 552.981271
6100001 554.974620
6110001 555.702583
6120001 557.978818
6130001 559.937975
6140001 561.068057
6150001 561.819106
6160001 561.311490
6170001 564.659650
6180001 563.720109
6190001 565.514444
6200001 564.650006
6210001 569.032686
6220001 567.528250
6230001 567.228415
6240001 568.409637
6250001 568.965472
6260001 569.772631
6270001 569.640247
6280001 572.475532
6290001 577.704238
6300001 575.235419
6310001 574.875967
6320001 573.913046
6330001 578.516365
6340001 579.076583
6350001 579.479870
6360001 580.651449
6370001 579.429606
6380001 581.839393
6390001 582.932944
6400001 583.944669
6410001 585.061307
6420001 586.202493
6430001 585.289836
6440001 587.386637
6450001 587.584774
6460001 590.145940
6470001 590.094507
6480001 590.284461
6490001 592.577060
6500001 595.034775
6510001 595.148747
6520001 597.519375
6530001 598.007995
6540001 597.695594
6550001 597.545676
6560001 598.290588
6570001 598.056506
6580001 600.843280
6590001 600.947608
6600001 604.430198
6610001 605.984606
6620001 607.147126
6630001 607.397281
6640001 609.286302
6650001 609.316401
6660001 607.639838
6670001 608.736312
6680001 612.157823
6690001 615.859298
6700001 612.260106
6710001 616.343535
6720001 614.633949
6730001 613.078955
6740001 615.938202
6750001 628.983667
6760001 618.997340
6770001 617.229306
6780001 616.897032
6790001 623.343198
6800001 616.320740
6810001 617.489982
6820001 627.427211
6830001 628.957365
6840001 626.412565
6850001 628.066626
6860001 630.385236
6870001 629.913858
6880001 632.926238
6890001 634.283387
6900001 629.588013
6910001 633.303808
6920001 634.175259
6930001 634.454637
6940001 638.265117
6950001 640.344676
6960001 637.719802
6970001 642.784856
6980001 643.391248
6990001 641.645423
7000001 648.032849
7010001 643.327248
7020001 647.542769
7030001 649.569140
7040001 647.158184
7050001 645.699044
7060001 650.671459
7070001 650.182546
7080001 653.595875
7090001 648.620539
7100001 652.721210
7110001 652.906780
7120001 655.637151
7130001 654.255162
7140001 655.289682
7150001 658.543157
7160001 655.894320
7170001 655.499508
7180001 668.250105
7190001 656.214320
7200001 660.165658
7210001 662.651719
7220001 663.140339
7230001 662.168359
7240001 672.435232
7250001 665.145378
7260001 667.703622
7270001 667.632608
7280001 669.845427
7290001 672.206995
7300001 673.980874
7310001 670.086815
7320001 675.652470
7330001 672.716949
7340001 674.174920
7350001 677.383391
7360001 673.239761
7370001 679.076612
7380001 678.652284
7390001 681.580207
7400001 680.731551
7410001 681.449285
7420001 687.714265
7430001 681.140683
7440001 684.533848
7450001 687.069298
7460001 688.265716
7470001 686.683837
7480001 690.438207
7490001 691.057165
7500001 689.766062
7510001 690.582864
7520001 687.903050
7530001 695.850730
7540001 694.343078
7550001 697.167550
7560001 698.938799
7570001 693.792212
7580001 694.934859
7590001 699.691603
7600001 700.439437
7610001 698.833594
7620001 701.743399
7630001 705.062335
7640001 702.769443
7650001 706.167868
7660001 704.094447
7670001 706.766662
7680001 706.677238
7690001 708.108907
7700001 712.244939
7710001 710.921105
7720001 710.400339
7730001 712.160482
7740001 712.332026
7750001 713.673978
7760001 717.418705
7770001 714.882671
7780001 718.268238
7790001 716.218487
7800001 718.658083
7810001 718.592329
7820001 722.192690
7830001 719.891030
7840001 719.090593
7850001 721.037477
7860001 724.469509
7870001 727.485980
7880001 727.581250
7890001 725.629106
7900001 729.318599
7910001 728.584792
7920001 731.299090
7930001 727.853907
7940001 729.703184
7950001 732.278085
7960001 734.558410
7970001 733.126449
7980001 736.244618
7990001 733.760311
8000001 736.543869
8010001 738.002717
8020001 736.838445
8030001 744.970819
8040001 739.807573
8050001 741.605708
8060001 740.908430
8070001 746.057649
8080001 746.701739
8090001 746.083657
8100001 747.068204
8110001 745.181814
8120001 747.632514
8130001 751.855048
8140001 743.594674
8150001 751.054319
8160001 752.665421
8170001 753.071046
8180001 752.376107
8190001 757.714402
8200001 756.793855
8210001 757.729891
8220001 761.269174
8230001 758.789542
8240001 762.308954
8250001 763.401629
8260001 759.402363
8270001 764.451052
8280001 764.779233
8290001 763.386432
8300001 765.487324
8310001 762.889629
8320001 768.044107
8330001 768.891303
8340001 772.833873
8350001 768.896270
8360001 769.726224
8370001 773.943205
8380001 774.146018
8390001 777.703128
8400001 777.369685
8410001 782.688693
8420001 775.673833
8430001 780.885005
8440001 784.284891
8450001 781.170521
8460001 780.929132
8470001 784.676197
8480001 785.045877
8490001 781.458959
8500001 782.755614
8510001 784.917000
8520001 787.164303
8530001 783.309112
8540001 790.426546
8550001 789.153562
8560001 788.708192
8570001 792.095804
8580001 791.737522
8590001 796.194430
8600001 796.468256
8610001 794.285830
8620001 797.003342
8630001 798.241551
8640001 798.840930
8650001 798.101569
8660001 804.464156
8670001 800.173238
8680001 801.627994
8690001 809.212131
8700001 806.265797
8710001 804.575498
8720001 807.230180
8730001 811.249024
8740001 808.791895
8750001 808.017467
8760001 810.685591
8770001 810.324386
8780001 815.608910
8790001 809.381337
8800001 819.502384
8810001 815.610955
8820001 814.022646
8830001 819.281746
8840001 818.055226
8850001 820.877360
8860001 821.058547
8870001 824.040535
8880001 820.157580
8890001 824.125575
8900001 825.361738
8910001 826.877865
8920001 822.356664
8930001 831.956945
8940001 829.378537
8950001 827.911799
8960001 837.061743
8970001 837.142108
8980001 835.989525
8990001 836.536300
9000001 838.439933
9010001 838.285047
9020001 838.033139
9030001 843.967306
9040001 839.296480
9050001 840.176698
9060001 840.065648
9070001 841.941226
9080001 844.400401
9090001 847.485548
9100001 845.732125
9110001 848.907282
9120001 848.063885
9130001 848.961345
9140001 848.736908
9150001 850.393892
9160001 851.240210
9170001 855.105339
9180001 855.329484
9190001 856.343839
9200001 851.004083
9210001 858.107782
9220001 853.908920
9230001 861.275340
9240001 857.692513
9250001 861.780910
9260001 862.055613
9270001 863.683667
9280001 861.903942
9290001 861.074573
9300001 864.894989
9310001 867.756575
9320001 869.999202
9330001 869.472299
9340001 867.722675
9350001 873.761755
9360001 873.889170
9370001 871.197666
9380001 872.591053
9390001 874.364640
9400001 878.301659
9410001 875.624475
9420001 877.497714
9430001 879.567922
9440001 883.227899
9450001 877.979029
9460001 882.411681
9470001 880.948742
9480001 881.838896
9490001 883.070091
9500001 886.372078
9510001 889.536129
9520001 886.273594
9530001 892.626536
9540001 890.634064
9550001 895.098862
9560001 887.979090
9570001 896.351098
9580001 896.766952
9590001 890.992347
9600001 890.909059
9610001 893.627448
9620001 896.903134
9630001 897.792996
9640001 896.683080
9650001 899.176446
9660001 907.995286
9670001 899.189597
9680001 904.561792
9690001 900.852134
9700001 902.999785
9710001 907.987395
9720001 906.748018
9730001 907.037916
9740001 912.889964
9750001 911.588341
9760001 910.811282
9770001 908.967851
9780001 913.583736
9790001 916.309431
9800001 912.700887
9810001 917.847183
9820001 920.096824
9830001 915.974820
9840001 922.193333
9850001 916.561339
9860001 916.343915
9870001 923.104529
9880001 926.651118
9890001 922.162064
9900001 922.650684
9910001 927.945436
9920001 928.439316
9930001 924.141385
9940001 924.054299
9950001 921.966557
9960001 934.880514
9970001 930.407534
9980001 929.918036
9990001 934.784077
