1 0.000000
10001 0.567817
20001 1.211615
30001 1.816545
40001 2.471449
50001 3.150900
60001 3.719009
70001 4.287118
80001 5.654788
90001 5.700085
100001 6.883645
110001 7.368466
120001 8.437177
130001 8.972556
140001 9.839331
150001 10.489851
160001 10.768644
170001 12.481447
180001 12.922140
190001 12.836515
200001 14.472458
210001 14.670303
220001 15.801261
230001 16.846300
240001 17.346610
250001 19.289402
260001 18.578974
270001 20.497803
280001 19.874168
290001 22.227846
300001 20.741529
310001 23.103681
320001 23.112448
330001 24.104885
340001 24.357670
350001 26.109924
360001 27.905429
370001 27.293192
380001 28.116424
390001 28.790907
400001 29.665572
410001 31.290119
420001 31.947360
430001 32.251579
440001 33.324089
450001 34.251649
460001 34.461768
470001 35.655556
480001 36.531683
490001 36.878277
500001 38.313745
510001 38.597215
520001 40.130876
530001 40.630601
540001 42.954178
550001 42.395129
560001 42.787311
570001 43.520241
580001 45.130176
590001 44.929116
600001 46.736895
610001 46.386211
620001 48.013971
630001 49.148728
640001 49.133823
650001 48.940655
660001 52.433766
670001 51.319173
680001 52.126917
690001 53.737143
700001 54.127863
710001 55.666492
720001 56.069487
730001 57.516353
740001 58.388096
750001 58.343676
760001 59.722451
770001 60.481683
780001 62.055379
790001 62.707068
800001 62.295306
810001 63.465132
820001 64.677623
830001 65.470462
840001 65.964343
850001 66.615739
860001 67.795500
870001 68.862167
880001 69.048321
890001 70.147132
900001 70.750018
910001 72.079404
920001 72.815550
930001 73.627092
940001 74.127694
950001 75.045611
960001 75.258068
970001 76.295509
980001 78.308730
990001 77.730978
1000001 79.663541
1010001 80.945002
1020001 81.730243
1030001 80.793331
1040001 81.648124
1050001 82.939812
1060001 84.080998
1070001 86.059442
1080001 85.928812
1090001 86.164941
1100001 88.270801
1110001 87.058309
1120001 87.851440
1130001 90.108096
1140001 92.998612
1150001 91.265939
1160001 93.270101
1170001 94.458629
1180001 94.250849
1190001 96.103924
1200001 96.044016
1210001 95.891468
1220001 99.058441
1230001 98.426332
1240001 101.002987
1250001 101.195571
1260001 100.988667
1270001 101.865963
1280001 103.258473
1290001 104.350271
1300001 104.853503
1310001 105.217923
1320001 107.433372
1330001 108.397463
1340001 107.805975
1350001 108.349243
1360001 109.510301
1370001 108.888421
1380001 111.690390
1390001 112.866060
1400001 113.462223
1410001 114.206552
1420001 116.561398
1430001 118.493962
1440001 118.131880
1450001 117.726255
1460001 119.494582
1470001 119.316610
1480001 120.453119
1490001 121.231347
1500001 122.191638
1510001 127.138628
1520001 125.455049
1530001 125.576620
1540001 125.568438
1550001 127.165806
1560001 127.580490
1570001 127.511814
1580001 128.695667
1590001 129.054534
1600001 130.445875
1610001 131.278458
1620001 131.888357
1630001 134.998929
1640001 140.001444
1650001 134.965906
1660001 135.718125
1670001 136.146252
1680001 139.274650
1690001 138.010140
1700001 140.726484
1710001 140.973424
1720001 143.709641
1730001 143.370645
1740001 142.800198
1750001 147.681727
1760001 145.824560
1770001 144.460398
1780001 147.133491
1790001 147.378385
1800001 152.030800
1810001 148.714785
1820001 150.052939
1830001 151.173376
1840001 153.569428
1850001 153.412205
1860001 154.986778
1870001 153.893518
1880001 156.555214
1890001 156.677369
1900001 158.470536
1910001 157.197551
1920001 160.701766
1930001 161.491392
1940001 159.599156
1950001 162.468924
1960001 163.148960
1970001 165.089415
1980001 164.799807
1990001 166.842545
2000001 167.370033
2010001 166.322070
2020001 166.430782
2030001 169.331821
2040001 173.135870
2050001 168.340552
2060001 171.221717
2070001 172.145187
2080001 175.662261
2090001 176.550953
2100001 176.183612
2110001 177.345254
2120001 178.543426
2130001 176.547154
2140001 178.171408
2150001 179.769360
2160001 179.159462
2170001 182.011988
2180001 183.198763
2190001 182.400663
2200001 184.434341
2210001 184.635985
2220001 184.786195
2230001 186.890302
2240001 189.468126
2250001 186.935306
2260001 191.967921
2270001 190.800727
2280001 192.291721
2290001 191.558498
2300001 194.235682
2310001 195.501653
2320001 195.098658
2330001 196.149835
2340001 197.270564
2350001 196.672354
2360001 198.419348
2370001 198.377558
2380001 201.601226
2390001 203.441150
2400001 203.174922
2410001 202.377991
2420001 205.165933
2430001 205.331924
2440001 206.677092
2450001 207.338424
2460001 208.521400
2470001 208.560268
2480001 209.878841
2490001 210.150914
2500001 210.284759
2510001 214.125631
2520001 213.125011
2530001 213.971037
2540001 214.796315
2550001 213.888919
2560001 218.169608
2570001 216.261300
2580001 219.869844
2590001 218.749698
2600001 220.210592
2610001 219.554519
2620001 222.736397
2630001 222.320544
2640001 225.735918
2650001 225.064943
2660001 225.885544
2670001 229.971604
2680001 227.250875
2690001 226.147681
2700001 229.743951
2710001 230.367584
2720001 231.189063
2730001 231.784350
2740001 231.020443
2750001 234.756694
2760001 236.788326
2770001 237.042280
2780001 234.728639
2790001 237.380107
2800001 237.260873
2810001 240.437783
2820001 240.926696
2830001 239.405894
2840001 241.290239
2850001 241.509709
2860001 243.711716
2870001 242.995442
2880001 245.184882
2890001 247.055492
2900001 245.716170
2910001 249.080987
2920001 247.082670
2930001 249.144110
2940001 251.458044
2950001 249.303087
2960001 252.289459
2970001 252.458372
2980001 253.982973
2990001 254.897383
3000001 256.533034
3010001 255.492085
3020001 261.793886
3030001 260.139824
3040001 261.135767
3050001 259.272464
3060001 261.170544
3070001 262.551072
3080001 264.121262
3090001 263.490030
3100001 266.447762
3110001 266.845204
3120001 269.615027
3130001 267.010903
3140001 267.825367
3150001 270.587885
3160001 270.869894
3170001 271.286623
3180001 270.992633
3190001 274.396611
3200001 273.544155
3210001 275.052683
3220001 272.909708
3230001 275.217505
3240001 276.955731
3250001 279.143710
3260001 277.808187
3270001 283.746444
3280001 280.911160
3290001 285.240069
3300001 283.936983
3310001 284.616435
3320001 286.236304
3330001 284.592764
3340001 286.662970
3350001 287.412852
3360001 291.630125
3370001 287.212377
3380001 290.302199
3390001 289.468739
3400001 293.006269
3410001 293.544862
3420001 293.965684
3430001 293.816643
3440001 300.199393
3450001 294.750925
3460001 299.840818
3470001 295.401153
3480001 297.384273
3490001 298.490099
3500001 302.571189
3510001 304.862036
3520001 303.677599
3530001 303.754750
3540001 307.300463
3550001 304.561032
3560001 305.800994
3570001 305.568666
3580001 309.601245
3590001 307.331440
3600001 310.813737
3610001 309.907217
3620001 311.149518
3630001 310.871892
3640001 314.644673
3650001 314.342792
3660001 316.482845
3670001 316.562041
3680001 317.528176
3690001 316.201420
3700001 319.209417
3710001 319.632868
3720001 319.629653
3730001 321.167113
3740001 323.513485
3750001 323.941905
3760001 323.123056
3770001 324.009119
3780001 324.957136
3790001 328.639908
3800001 326.527618
3810001 329.590555
3820001 329.658939
3830001 330.568381
3840001 328.802392
3850001 331.001768
3860001 330.969038
3870001 333.173675
3880001 334.264595
3890001 334.444321
3900001 334.002166
3910001 342.465938
3920001 336.635808
3930001 339.455895
3940001 338.141997
3950001 341.685080
3960001 342.069080
3970001 342.511526
3980001 343.105060
3990001 348.026625
4000001 347.287557
4010001 344.897642
4020001 348.290808
4030001 346.983047
4040001 349.527262
4050001 349.423226
4060001 349.903371
4070001 352.921597
4080001 351.337087
4090001 353.659787
4100001 352.320172
4110001 354.103988
4120001 354.038234
4130001 358.197937
4140001 355.876698
4150001 360.831286
4160001 359.469168
4170001 360.701533
4180001 363.446808
4190001 364.030990
4200001 364.426971
4210001 362.144892
4220001 365.044761
4230001 364.729144
4240001 367.156758
4250001 365.378204
4260001 368.615605
4270001 367.871862
4280001 371.815602
4290001 370.187549
4300001 372.579802
4310001 369.927166
4320001 373.338449
4330001 374.936110
4340001 380.202223
4350001 379.968725
4360001 376.761130
4370001 379.690515
4380001 380.626550
4390001 377.979174
4400001 383.521451
4410001 383.425013
4420001 383.288246
4430001 385.124079
4440001 385.169961
4450001 387.801848
4460001 389.479289
4470001 387.004625
4480001 387.954981
4490001 391.510921
4500001 387.969008
4510001 389.953298
4520001 395.114789
4530001 394.591685
4540001 391.635999
4550001 398.153179
4560001 400.224847
4570001 397.820028
4580001 397.468759
4590001 399.844647
4600001 396.806550
4610001 401.481759
4620001 402.935055
4630001 401.702398
4640001 405.886357
4650001 406.218338
4660001 403.853555
4670001 408.212272
4680001 409.431777
4690001 411.477145
4700001 408.670792
4710001 407.548894
4720001 411.002259
4730001 410.641055
4740001 412.258294
4750001 403.263529
4760001 404.875216
4770001 411.780195
4780001 417.970068
4790001 418.758525
4800001 417.299676
4810001 419.998486
4820001 416.574636
4830001 423.106427
4840001 423.777112
4850001 422.863286
4860001 426.978861
4870001 423.672199
4880001 426.141018
4890001 427.005748
4900001 427.496998
4910001 427.091665
4920001 429.991826
4930001 433.552443
4940001 431.256628
4950001 432.605594
4960001 433.669923
4970001 434.151821
4980001 434.050999
4990001 436.599599
5000001 435.680221
5010001 438.307725
5020001 439.963541
5030001 442.937346
5040001 436.995288
5050001 440.365366
5060001 440.585714
5070001 442.079922
5080001 443.068852
5090001 446.405907
5100001 445.784319
5110001 447.229140
5120001 450.844404
5130001 446.523094
5140001 450.641007
5150001 451.619125
5160001 449.932041
5170001 451.690138
5180001 453.198374
5190001 455.019888
5200001 455.701678
5210001 455.493020
5220001 456.062006
5230001 456.419704
5240001 459.517124
5250001 458.761108
5260001 459.252358
5270001 460.650128
5280001 462.005523
5290001 466.637190
5300001 463.952408
5310001 463.214801
5320001 467.575271
5330001 468.117663
5340001 467.689828
5350001 467.731617
5360001 467.811398
5370001 470.714190
5380001 472.102023
5390001 470.806828
5400001 472.538626
5410001 475.000431
5420001 474.946660
5430001 476.743041
5440001 476.473891
5450001 477.599003
5460001 477.390346
5470001 480.150817
5480001 479.703403
5490001 480.735876
5500001 480.759255
5510001 485.191323
5520001 482.923856
5530001 486.523924
5540001 487.407941
5550001 488.128306
5560001 490.623719
5570001 486.793659
5580001 489.135940
5590001 492.452539
5600001 489.542733
5610001 494.480956
5620001 496.868533
5630001 493.089616
5640001 496.113685
5650001 495.921978
5660001 493.913724
5670001 498.922376
5680001 499.914520
5690001 499.129571
5700001 502.151011
5710001 502.537349
5720001 503.013987
5730001 504.529529
5740001 502.062463
5750001 509.438820
5760001 506.383774
5770001 502.742207
5780001 509.077323
5790001 510.184609
5800001 511.808863
5810001 511.353558
5820001 510.917540
5830001 512.147858
5840001 516.148292
5850001 515.052695
5860001 514.242029
5870001 514.676293
5880001 518.813787
5890001 519.987995
5900001 517.319285
5910001 521.286112
5920001 520.424305
5930001 524.629304
5940001 521.635627
5950001 526.994964
5960001 525.989083
5970001 524.209068
5980001 527.690195
5990001 527.946195
6000001 528.142579
6010001 533.205294
6020001 530.808950
6030001 533.193313
6040001 532.447231
6050001 533.368655
6060001 529.964677
6070001 539.739716
6080001 536.749838
6090001 536.391848
6100001 537.066039
6110001 537.998567
6120001 538.735882
6130001 539.202876
6140001 542.838598
6150001 545.291637
6160001 542.892954
6170001 542.338288
6180001 543.576789
6190001 545.106942
6200001 543.907018
6210001 549.505403
6220001 547.904236
6230001 550.751794
6240001 550.578206
6250001 551.442936
6260001 547.616383
6270001 554.551169
6280001 553.170057
6290001 554.144960
6300001 555.429049
6310001 554.312996
6320001 555.710765
6330001 557.226015
6340001 559.065648
6350001 561.132057
6360001 562.605515
6370001 562.871744
6380001 563.508821
6390001 567.219063
6400001 566.280398
6410001 567.357875
6420001 563.581880
6430001 569.992686
6440001 570.568685
6450001 568.962549
6460001 570.272941
6470001 569.507571
6480001 571.969085
6490001 571.258072
6500001 574.724588
6510001 581.827119
6520001 579.607871
6530001 575.504570
6540001 579.040931
6550001 578.882246
6560001 582.256707
6570001 582.036068
6580001 584.091956
6590001 580.740874
6600001 586.770310
6610001 582.157347
6620001 588.797851
6630001 586.459954
6640001 591.685153
6650001 586.545579
6660001 589.888188
6670001 590.042488
6680001 590.989629
6690001 593.728182
6700001 590.369209
6710001 598.382350
6720001 593.677041
6730001 595.394811
6740001 597.293768
6750001 597.765146
6760001 599.911627
6770001 600.359335
6780001 608.375691
6790001 624.682813
6800001 600.259098
6810001 604.229430
6820001 605.142964
6830001 606.065849
6840001 606.805501
6850001 604.940736
6860001 609.840383
6870001 610.460803
6880001 605.388443
6890001 609.916364
6900001 612.726808
6910001 614.675446
6920001 612.999758
6930001 612.998590
6940001 617.637269
6950001 615.135427
6960001 617.551351
6970001 621.123073
6980001 621.413264
6990001 620.401831
7000001 622.360989
7010001 621.718068
7020001 621.689720
7030001 624.745059
7040001 624.430905
7050001 623.983197
7060001 628.923758
7070001 628.111046
7080001 627.903558
7090001 633.156520
7100001 633.974200
7110001 632.389398
7120001 629.820633
7130001 632.384722
7140001 631.546294
7150001 631.392577
7160001 636.771201
7170001 636.280242
7180001 635.336024
7190001 635.605467
7200001 644.223831
7210001 642.264090
7220001 645.234095
7230001 642.201551
7240001 646.041546
7250001 640.937626
7260001 644.923155
7270001 643.778754
7280001 650.248884
7290001 650.039350
7300001 656.109115
7310001 654.189701
7320001 648.750291
7330001 649.269013
7340001 653.709556
7350001 658.221696
7360001 651.918435
7370001 654.898376
7380001 654.326760
7390001 657.325990
7400001 658.769349
7410001 660.603429
7420001 661.054059
7430001 656.094502
7440001 662.677143
7450001 660.349475
7460001 664.645068
7470001 663.244667
7480001 665.195935
7490001 667.377192
7500001 667.236334
7510001 672.031361
7520001 674.915156
7530001 670.267418
7540001 673.049807
7550001 672.459196
7560001 674.181057
7570001 674.499010
7580001 675.212362
7590001 675.861420
7600001 675.829274
7610001 677.416121
7620001 682.157961
7630001 676.333091
7640001 683.387110
7650001 679.823863
7660001 682.427404
7670001 680.643588
7680001 684.718542
7690001 685.723253
7700001 692.491756
7710001 688.417388
7720001 685.895673
7730001 686.907106
7740001 688.983743
7750001 690.672873
7760001 691.744798
7770001 693.577125
7780001 693.823481
7790001 691.195685
7800001 696.857194
7810001 697.900189
7820001 699.484699
7830001 697.389942
7840001 697.772481
7850001 697.337048
7860001 699.772552
7870001 702.551434
7880001 703.583324
7890001 701.309135
7900001 701.538540
7910001 706.060910
7920001 708.668833
7930001 705.308983
7940001 706.613822
7950001 709.086733
7960001 704.535724
7970001 705.650609
7980001 712.162821
7990001 711.251041
8000001 711.160447
8010001 714.822470
8020001 713.896955
8030001 718.425462
8040001 717.075910
8050001 716.876313
8060001 716.196569
8070001 717.969572
8080001 720.611979
8090001 722.319813
8100001 721.484599
8110001 724.132268
8120001 725.316412
8130001 722.669329
8140001 727.183223
8150001 725.829873
8160001 723.850551
8170001 724.709728
8180001 730.397539
8190001 728.980774
8200001 734.649004
8210001 731.426798
8220001 729.676005
8230001 730.827128
8240001 736.026610
8250001 736.099084
8260001 736.001478
8270001 738.722790
8280001 736.180326
8290001 738.474388
8300001 741.407572
8310001 744.878764
8320001 740.001327
8330001 742.369032
8340001 740.728997
8350001 743.029195
8360001 744.765668
8370001 741.442640
8380001 742.679972
8390001 747.170780
8400001 746.223932
8410001 753.660781
8420001 746.725411
8430001 751.262098
8440001 762.984605
8450001 750.937424
8460001 752.845732
8470001 757.279845
8480001 755.653838
8490001 754.598278
8500001 756.928576
8510001 760.822343
8520001 762.340807
8530001 758.858803
8540001 760.906508
8550001 762.864497
8560001 760.476919
8570001 768.208636
8580001 765.295325
8590001 764.341170
8600001 762.051785
8610001 768.348325
8620001 772.639828
8630001 765.984127
8640001 769.831136
8650001 767.735797
8660001 775.219989
8670001 776.628279
8680001 772.001874
8690001 774.573268
8700001 773.151534
8710001 777.699913
8720001 780.175161
8730001 779.483728
8740001 778.138268
8750001 783.595796
8760001 778.846943
8770001 786.393382
8780001 786.529856
8790001 783.114774
8800001 785.270022
8810001 783.487376
8820001 788.841160
8830001 791.729339
8840001 791.871075
8850001 794.878486
8860001 789.083133
8870001 792.914945
8880001 792.508443
8890001 793.770031
8900001 795.907746
8910001 797.159982
8920001 799.269056
8930001 799.904673
8940001 798.932691
8950001 799.261750
8960001 798.095724
8970001 801.678552
8980001 804.185361
8990001 800.895356
9000001 800.762680
9010001 805.780391
9020001 804.363333
9030001 807.500499
9040001 807.872224
9050001 806.138967
9060001 809.265903
9070001 812.659945
9080001 812.459178
9090001 809.953830
9100001 815.790973
9110001 815.041385
9120001 814.874518
9130001 815.032033
9140001 819.583919
9150001 818.115719
9160001 819.063737
9170001 821.933505
9180001 822.885321
9190001 823.375111
9200001 823.884480
9210001 825.139638
9220001 827.644987
9230001 825.137300
9240001 824.993520
9250001 828.415032
9260001 834.329034
9270001 828.240566
9280001 831.147448
9290001 830.517970
9300001 832.444397
9310001 834.408815
9320001 832.560708
9330001 832.157713
9340001 835.647607
9350001 839.705905
9360001 841.281646
9370001 838.764317
9380001 841.281939
9390001 837.973815
9400001 844.163982
9410001 841.857353
9420001 839.897319
9430001 848.675246
9440001 842.653992
9450001 845.370628
9460001 851.162476
9470001 850.089965
9480001 848.948195
9490001 849.228158
9500001 851.198128
9510001 856.603930
9520001 850.374312
9530001 853.575477
9540001 855.863694
9550001 853.769815
9560001 855.248534
9570001 856.584643
9580001 861.200820
9590001 863.117019
9600001 861.416490
9610001 860.658427
9620001 863.062370
9630001 865.995554
9640001 867.120959
9650001 863.192708
9660001 866.012212
9670001 868.339588
9680001 867.364100
9690001 866.153362
9700001 871.174872
9710001 871.064990
9720001 871.438470
9730001 873.291838
9740001 874.648694
9750001 875.197224
9760001 877.852490
9770001 880.530259
9780001 876.802774
9790001 875.864108
9800001 880.081675
9810001 883.726163
9820001 882.133471
9830001 887.067310
9840001 882.729635
9850001 886.107019
9860001 885.529266
9870001 887.830634
9880001 889.858466
9890001 889.589609
9900001 893.068107
9910001 890.237206
9920001 893.338718
9930001 889.435307
9940001 894.124836
9950001 896.776011
9960001 891.506976
9970001 898.187516
9980001 899.259734
9990001 902.050014
