1 0.326721
10001 2.290846
20001 1.898957
30001 2.432874
40001 2.900161
50001 6.169418
60001 4.259648
70001 4.757328
80001 5.669108
90001 6.362879
100001 7.940959
110001 10.312755
120001 10.093285
130001 9.530436
140001 17.569002
150001 17.252802
160001 14.681407
170001 16.394501
180001 19.373275
190001 16.208054
200001 18.611120
210001 16.808893
220001 16.945076
230001 18.392819
240001 19.315411
250001 19.844360
260001 23.146055
270001 21.983536
280001 23.754493
290001 30.672330
300001 48.426025
310001 43.370908
320001 43.165466
330001 29.745646
340001 28.490779
350001 37.672285
360001 28.555656
370001 29.241537
380001 32.266190
390001 32.707468
400001 33.162481
410001 36.994586
420001 36.906916
430001 34.655229
440001 37.119957
450001 36.707026
460001 37.546915
470001 37.865745
480001 40.102820
490001 41.916737
500001 41.756299
510001 42.643238
520001 43.256351
530001 44.214304
540001 45.282431
550001 47.031178
560001 47.082027
570001 47.197168
580001 49.286079
590001 48.829605
600001 50.362388
610001 51.735319
620001 52.181857
630001 54.014183
640001 53.706750
650001 55.046365
660001 56.764719
670001 56.923403
680001 58.093229
690001 59.122780
700001 59.818597
710001 61.187435
720001 62.543708
730001 61.493408
740001 63.889751
750001 63.899688
760001 65.232289
770001 66.260964
780001 67.984870
790001 67.870313
800001 68.597984
810001 69.913343
820001 71.033780
830001 72.621796
840001 71.256465
850001 73.006088
860001 74.864131
870001 75.623363
880001 77.052988
890001 77.550083
900001 78.424164
910001 78.714648
920001 80.750080
930001 81.809731
940001 81.065695
950001 83.560231
960001 84.460322
970001 83.041511
980001 87.199459
990001 86.806108
1000001 87.650966
1010001 89.430106
1020001 90.145502
1030001 89.769393
1040001 94.193570
1050001 92.448623
1060001 92.932275
1070001 94.371542
1080001 95.410738
1090001 96.437951
1100001 97.089932
1110001 97.728178
1120001 100.140303
1130001 98.475136
1140001 100.758092
1150001 102.989323
1160001 102.536355
1170001 104.737193
1180001 105.523603
1190001 104.899092
1200001 107.006413
1210001 107.492988
1220001 109.625443
1230001 108.964987
1240001 110.378830
1250001 110.755524
1260001 114.675592
1270001 114.296853
1280001 114.641985
1290001 115.030076
1300001 117.883771
1310001 117.335242
1320001 119.716098
1330001 118.774217
1340001 119.141852
1350001 122.774651
1360001 122.631455
1370001 123.079746
1380001 124.076860
1390001 125.884054
1400001 132.459973
1410001 126.865093
1420001 127.874773
1430001 127.068491
1440001 130.904687
1450001 130.994988
1460001 132.687625
1470001 133.623954
1480001 134.672208
1490001 135.775988
1500001 138.501683
1510001 135.956882
1520001 137.954908
1530001 139.007546
1540001 140.951506
1550001 138.875746
1560001 142.505332
1570001 141.168931
1580001 144.904305
1590001 145.214954
1600001 143.795265
1610001 148.130896
1620001 151.110252
1630001 147.761215
1640001 148.369069
1650001 149.137360
1660001 151.780352
1670001 155.572129
1680001 153.769025
1690001 153.553063
1700001 156.288402
1710001 155.954960
1720001 156.800401
1730001 158.981951
1740001 160.514442
1750001 160.123429
1760001 160.688616
1770001 163.833671
1780001 163.029728
1790001 164.670639
1800001 165.719185
1810001 166.013176
1820001 166.681230
1830001 168.781246
1840001 168.802579
1850001 170.724330
1860001 171.333060
1870001 172.208018
1880001 174.477238
1890001 178.076723
1900001 175.123083
1910001 189.294537
1920001 178.186020
1930001 178.632850
1940001 178.660613
1950001 180.741633
1960001 182.302179
1970001 184.745866
1980001 180.715917
1990001 186.888548
2000001 185.329464
2010001 185.663490
2020001 189.869660
2030001 188.869916
2040001 189.092017
2050001 189.913787
2060001 192.878241
2070001 193.085144
2080001 196.190456
2090001 194.517690
2100001 196.603971
2110001 195.414566
2120001 201.459782
2130001 197.633230
2140001 198.030673
2150001 199.871767
2160001 201.136276
2170001 203.588438
2180001 202.579051
2190001 205.007542
2200001 204.212949
2210001 208.301345
2220001 207.546789
2230001 208.496268
2240001 209.875334
2250001 210.599790
2260001 210.142439
2270001 213.783713
2280001 211.935898
2290001 213.579440
2300001 221.185787
2310001 218.279489
2320001 216.790833
2330001 219.835652
2340001 218.638648
2350001 223.689674
2360001 224.622788
2370001 219.720510
2380001 225.750238
2390001 224.381108
2400001 227.476483
2410001 225.626914
2420001 228.129633
2430001 230.173247
2440001 231.902121
2450001 232.136788
2460001 232.037427
2470001 233.243197
2480001 235.441990
2490001 236.266683
2500001 236.947888
2510001 235.639542
2520001 238.221456
2530001 238.196616
2540001 237.169111
2550001 241.398659
2560001 240.081546
2570001 244.326874
2580001 245.828096
2590001 244.396719
2600001 248.070139
2610001 245.836278
2620001 247.986267
2630001 248.829663
2640001 256.513454
2650001 251.313971
2660001 253.255887
2670001 253.050736
2680001 255.282551
2690001 254.930405
2700001 258.503589
2710001 258.467936
2720001 256.886348
2730001 258.581908
2740001 264.241372
2750001 262.588770
2760001 260.616754
2770001 263.832824
2780001 264.956476
2790001 266.728309
2800001 267.498354
2810001 266.755195
2820001 267.407176
2830001 268.864270
2840001 273.482785
2850001 272.156906
2860001 271.132615
2870001 274.290528
2880001 274.019625
2890001 278.890049
2900001 280.521609
2910001 279.336587
2920001 276.672553
2930001 283.231815
2940001 281.234375
2950001 281.976072
2960001 283.925001
2970001 284.715795
2980001 286.938551
2990001 286.533510
3000001 286.447592
3010001 285.866917
3020001 289.964373
3030001 289.605214
3040001 292.221320
3050001 293.124918
3060001 295.027966
3070001 299.398663
3080001 296.293645
3090001 294.198889
3100001 297.030374
3110001 298.481916
3120001 299.385221
3130001 301.575538
3140001 303.187518
3150001 300.518224
3160001 302.502807
3170001 302.682240
3180001 305.096702
3190001 311.419544
3200001 312.440622
3210001 308.423238
3220001 311.234266
3230001 308.724826
3240001 313.534757
3250001 312.149846
3260001 314.014610
3270001 314.806865
3280001 314.856253
3290001 317.058552
3300001 317.031374
3310001 319.558348
3320001 322.262710
3330001 320.739570
3340001 320.051059
3350001 327.286558
3360001 325.884112
3370001 326.730139
3380001 325.315711
3390001 325.985226
3400001 329.492948
3410001 325.318633
3420001 332.156105
3430001 330.713623
3440001 339.061376
3450001 335.428284
3460001 336.416922
3470001 334.144779
3480001 336.667077
3490001 337.665651
3500001 336.315223
3510001 338.584736
3520001 338.051403
3530001 342.107654
3540001 343.587251
3550001 345.792765
3560001 342.805809
3570001 347.369091
3580001 346.432472
3590001 347.424617
3600001 346.753348
3610001 350.078129
3620001 351.244448
3630001 349.255482
3640001 354.556371
3650001 352.708264
3660001 362.343905
3670001 355.052589
3680001 356.134744
3690001 359.436731
3700001 357.654376
3710001 360.810245
3720001 359.768420
3730001 359.187745
3740001 361.971303
3750001 365.661089
3760001 367.337652
3770001 364.981053
3780001 363.210389
3790001 369.566253
3800001 367.133379
3810001 373.152879
3820001 371.309155
3830001 369.236902
3840001 373.384331
3850001 368.650381
3860001 373.116933
3870001 377.003103
3880001 377.043723
3890001 378.755649
3900001 380.228816
3910001 380.179720
3920001 379.843063
3930001 383.080466
3940001 382.119882
3950001 383.522620
3960001 384.643057
3970001 383.134238
3980001 388.102852
3990001 386.464863
4000001 387.006963
4010001 391.493095
4020001 393.238335
4030001 389.406522
4040001 394.741603
4050001 393.534663
4060001 393.835668
4070001 396.621856
4080001 400.807568
4090001 396.493564
4100001 399.161689
4110001 403.809428
4120001 401.036389
4130001 399.767204
4140001 402.746269
4150001 404.269993
4160001 404.559016
4170001 405.441864
4180001 407.929094
4190001 409.402262
4200001 406.249607
4210001 409.751192
4220001 412.727627
4230001 413.839589
4240001 414.172447
4250001 414.038311
4260001 419.177885
4270001 422.856857
4280001 420.277865
4290001 416.103550
4300001 420.992676
4310001 418.300588
4320001 423.364474
4330001 423.874135
4340001 423.056455
4350001 427.350003
4360001 428.121217
4370001 428.285454
4380001 423.479030
4390001 431.969979
4400001 428.577691
4410001 429.248375
4420001 433.812242
4430001 437.619214
4440001 433.484351
4450001 445.217671
4460001 437.152220
4470001 433.504516
4480001 443.093692
4490001 437.962300
4500001 439.449203
4510001 441.847008
4520001 441.603283
4530001 446.983660
4540001 445.584137
4550001 447.035678
4560001 445.608100
4570001 452.011015
4580001 448.630124
4590001 451.532623
4600001 453.491781
4610001 457.503027
4620001 453.248055
4630001 460.326329
4640001 453.628255
4650001 457.723373
4660001 460.001362
4670001 461.094913
4680001 459.295902
4690001 460.298275
4700001 464.089759
4710001 464.078946
4720001 466.270432
4730001 471.805403
4740001 471.053184
4750001 468.302064
4760001 467.067655
4770001 470.608984
4780001 470.743705
4790001 472.028088
4800001 472.092379
4810001 474.784175
4820001 475.525289
4830001 512.885756
4840001 478.679988
4850001 477.426291
4860001 479.251312
4870001 486.259158
4880001 484.165571
4890001 481.136533
4900001 487.642609
4910001 486.278737
4920001 486.938901
4930001 486.144601
4940001 488.659594
4950001 489.977290
4960001 490.493673
4970001 488.523703
4980001 492.144520
4990001 494.809431
5000001 495.163038
5010001 491.205270
5020001 495.126800
5030001 501.003104
5040001 498.639198
5050001 501.300309
5060001 503.021878
5070001 500.052749
5080001 503.079156
5090001 506.634513
5100001 512.521337
5110001 507.471188
5120001 506.723353
5130001 507.567918
5140001 511.189613
5150001 513.691162
5160001 513.519327
5170001 513.372331
5180001 516.467123
5190001 519.565420
5200001 514.412696
5210001 515.785625
5220001 521.164249
5230001 515.127507
5240001 516.796181
5250001 518.560124
5260001 524.361615
5270001 522.393690
5280001 528.077994
5290001 524.545140
5300001 526.551056
5310001 526.900279
5320001 530.984585
5330001 527.583237
5340001 531.439014
5350001 531.813954
5360001 530.940750
5370001 535.182571
5380001 536.525985
5390001 535.375155
5400001 538.761891
5410001 545.290468
5420001 538.604375
5430001 538.760137
5440001 539.001817
5450001 540.328282
5460001 544.126487
5470001 544.921373
5480001 548.946061
5490001 547.220986
5500001 549.620544
5510001 547.685351
5520001 549.235376
5530001 554.598219
5540001 552.660395
5550001 554.563443
5560001 553.229965
5570001 549.138354
5580001 555.415022
5590001 556.797596
5600001 559.306159
5610001 561.614540
5620001 562.237004
5630001 559.736624
5640001 565.600361
5650001 566.302023
5660001 565.386152
5670001 563.334356
5680001 571.560537
5690001 566.427977
5700001 567.653620
5710001 571.822674
5720001 571.001488
5730001 569.677362
5740001 575.608314
5750001 572.472317
5760001 573.142709
5770001 578.826137
5780001 576.201262
5790001 578.651379
5800001 580.294627
5810001 581.512087
5820001 591.562121
5830001 581.251120
5840001 581.935539
5850001 584.113874
5860001 585.988283
5870001 584.563043
5880001 589.737392
5890001 591.238322
5900001 590.057393
5910001 592.153317
5920001 596.134755
5930001 594.743707
5940001 597.135083
5950001 598.711410
5960001 596.305714
5970001 598.427648
5980001 604.542709
5990001 598.284452
6000001 605.325612
6010001 609.094302
6020001 605.572260
6030001 611.423723
6040001 605.912132
6050001 603.442144
6060001 612.094115
6070001 607.694486
6080001 615.789161
6090001 609.506356
6100001 614.624596
6110001 627.452344
6120001 618.025068
6130001 616.224594
6140001 620.143786
6150001 615.909855
6160001 617.340648
6170001 625.461625
6180001 623.510650
6190001 623.444896
6200001 621.920588
6210001 621.988095
6220001 626.580894
6230001 622.448660
6240001 633.844446
6250001 627.306518
6260001 628.767995
6270001 632.844995
6280001 632.322183
6290001 632.712905
6300001 633.420411
6310001 629.420854
6320001 634.337450
6330001 638.924696
6340001 638.172185
6350001 638.852514
6360001 637.524880
6370001 638.855728
6380001 643.629421
6390001 642.411377
6400001 646.613162
6410001 646.153181
6420001 646.173345
6430001 648.368630
6440001 651.479202
6450001 648.638657
6460001 650.820500
6470001 649.390291
6480001 653.476058
6490001 653.572789
6500001 655.905425
6510001 659.091394
6520001 657.550428
6530001 657.678719
6540001 657.952546
6550001 656.584000
6560001 659.809128
6570001 662.292559
6580001 660.548780
6590001 664.038092
6600001 666.973321
6610001 665.501030
6620001 670.306285
6630001 665.592208
6640001 671.462960
6650001 670.673335
6660001 669.507601
6670001 673.886774
6680001 677.986860
6690001 668.637611
6700001 675.219082
6710001 673.590153
6720001 680.604428
6730001 678.714530
6740001 683.602197
6750001 680.579880
6760001 685.476605
6770001 682.308463
6780001 682.406654
6790001 681.888810
6800001 689.422098
6810001 687.161060
6820001 688.998354
6830001 694.272650
6840001 694.120687
6850001 689.989915
6860001 691.827794
6870001 696.067862
6880001 697.205541
6890001 695.339023
6900001 697.857814
6910001 700.743364
6920001 700.374561
6930001 702.548805
6940001 700.304716
6950001 701.646961
6960001 704.142665
6970001 706.538718
6980001 709.877819
6990001 706.434973
7000001 707.717310
7010001 707.461310
7020001 711.446255
7030001 713.021998
7040001 716.048990
7050001 711.090602
7060001 714.391713
7070001 719.484236
7080001 716.019766
7090001 715.624953
7100001 720.872655
7110001 716.815820
7120001 725.136979
7130001 718.526283
7140001 722.829182
7150001 727.682072
7160001 721.765439
7170001 727.395971
7180001 726.595826
7190001 727.149615
7200001 728.121012
7210001 731.784496
7220001 736.616637
7230001 735.096419
7240001 734.215325
7250001 732.103327
7260001 736.263322
7270001 735.354172
7280001 739.406624
7290001 744.135020
7300001 741.668247
7310001 748.807307
7320001 744.194345
7330001 740.005126
7340001 746.213703
7350001 742.751278
7360001 746.159932
7370001 749.909626
7380001 746.702324
7390001 755.401638
7400001 757.003974
7410001 756.813435
7420001 752.681202
7430001 750.947360
7440001 756.449892
7450001 756.244742
7460001 757.648357
7470001 757.130512
7480001 759.028300
7490001 763.238560
7500001 760.982198
7510001 761.306580
7520001 763.146506
7530001 765.643379
7540001 767.741057
7550001 765.195379
7560001 770.986350
7570001 771.285601
7580001 774.737213
7590001 766.532656
7600001 770.258095
7610001 775.735788
7620001 776.285193
7630001 777.900680
7640001 782.011287
7650001 783.192217
7660001 783.415778
7670001 781.399050
7680001 788.405434
7690001 785.161895
7700001 786.405656
7710001 787.097966
7720001 786.159592
7730001 788.373581
7740001 789.913085
7750001 793.856241
7760001 789.974455
7770001 789.859314
7780001 797.206739
7790001 794.162213
7800001 794.508514
7810001 798.928309
7820001 795.558522
7830001 800.184343
7840001 803.048559
7850001 802.839610
7860001 798.543725
7870001 804.750548
7880001 807.753868
7890001 801.655465
7900001 804.052685
7910001 806.305542
7920001 811.181225
7930001 812.507689
7940001 810.627144
7950001 807.393248
7960001 813.919194
7970001 814.054500
7980001 815.257640
7990001 814.669368
8000001 829.614080
8010001 828.457698
8020001 819.900119
8030001 825.272898
8040001 818.608139
8050001 821.509469
8060001 825.217374
8070001 830.783614
8080001 825.043200
8090001 824.466616
8100001 828.900145
8110001 828.633625
8120001 829.595085
8130001 832.613309
8140001 832.764397
8150001 835.068686
8160001 838.977358
8170001 833.590843
8180001 830.796471
8190001 838.594526
8200001 836.901013
8210001 841.050194
8220001 838.643038
8230001 841.496734
8240001 846.736252
8250001 844.291397
8260001 844.718647
8270001 846.365403
8280001 844.039781
8290001 847.118498
8300001 849.054862
8310001 850.108376
8320001 856.484990
8330001 852.747278
8340001 852.835240
8350001 859.499707
8360001 859.025114
8370001 858.740183
8380001 859.939524
8390001 862.325640
8400001 862.107632
8410001 865.439135
8420001 862.338499
8430001 864.105949
8440001 869.056738
8450001 863.767538
8460001 867.698712
8470001 871.730122
8480001 876.109588
8490001 871.140389
8500001 872.209976
8510001 869.928481
8520001 871.509776
8530001 877.161934
8540001 874.826374
8550001 876.395688
8560001 880.387646
8570001 880.045145
8580001 880.203829
8590001 879.898734
8600001 884.904171
8610001 887.444881
8620001 882.776685
8630001 888.051565
8640001 885.023989
8650001 888.798815
8660001 891.959067
8670001 885.979603
8680001 890.793625
8690001 891.998811
8700001 894.562607
8710001 901.332280
8720001 894.192927
8730001 895.582515
8740001 900.761248
8750001 898.757379
8760001 897.140139
8770001 904.930595
8780001 905.682521
8790001 905.599234
8800001 906.663269
8810001 905.771069
8820001 903.933774
8830001 905.077883
8840001 909.942169
8850001 906.330118
8860001 912.668741
8870001 913.354914
8880001 913.765799
8890001 913.532886
8900001 916.300080
8910001 917.061357
8920001 914.579387
8930001 921.651233
8940001 919.743509
8950001 921.595708
8960001 917.185558
8970001 921.633991
8980001 924.165934
8990001 924.112746
9000001 929.178676
9010001 929.325964
9020001 922.809954
9030001 925.166845
9040001 935.267144
9050001 930.051296
9060001 931.235148
9070001 932.019513
9080001 936.800220
9090001 933.390105
9100001 938.474154
9110001 934.998871
9120001 941.379284
9130001 934.059328
9140001 938.773405
9150001 941.870534
9160001 941.605767
9170001 942.940122
9180001 944.179499
9190001 943.934896
9200001 944.670749
9210001 946.995203
9220001 956.537330
9230001 948.837758
9240001 958.769728
9250001 952.069316
9260001 957.491776
9270001 956.664160
9280001 958.745765
9290001 963.169943
9300001 956.918991
9310001 960.332320
9320001 962.306089
9330001 966.187875
9340001 964.361393
9350001 963.265504
9360001 975.474001
9370001 965.103968
9380001 964.610087
9390001 972.026188
9400001 972.162370
9410001 973.168251
9420001 972.728142
9430001 974.414642
9440001 981.075894
9450001 974.130588
9460001 974.948559
9470001 976.488064
9480001 981.994980
9490001 983.253646
9500001 982.329591
9510001 979.754106
9520001 984.705771
9530001 984.400383
9540001 985.609661
9550001 982.863217
9560001 979.570581
9570001 990.890385
9580001 991.527754
9590001 992.459698
9600001 997.102177
9610001 992.472265
9620001 993.181524
9630001 998.097245
9640001 1000.555251
9650001 997.894432
9660001 999.195471
9670001 1001.767157
9680001 1002.800216
9690001 1001.037149
9700001 1005.904651
9710001 1003.746479
9720001 1006.911408
9730001 1005.087263
9740001 1007.565434
9750001 1009.190272
9760001 1009.804262
9770001 1015.827854
9780001 1010.982270
9790001 1016.699889
9800001 1016.938355
9810001 1015.931013
9820001 1014.763526
9830001 1019.731264
9840001 1023.501415
9850001 1019.164909
9860001 1020.607100
9870001 1024.444464
9880001 1020.879172
9890001 1022.963991
9900001 1027.104115
9910001 1029.084898
9920001 1025.828792
9930001 1028.707911
9940001 1035.610844
9950001 1030.252092
9960001 1030.756494
9970001 1033.850701
9980001 1036.935555
9990001 1036.308706
